vds	d(Id(M1))/Id(M1)
0.000000000000000e+000	1.000000e+308
1.000000000000000e-003	9.986443e+002
2.000000000000000e-003	4.986429e+002
3.000000000000000e-003	3.319749e+002
4.000000000000000e-003	2.486404e+002
5.000000000000000e-003	1.986391e+002
6.000000000000000e-003	1.653044e+002
7.000000000000000e-003	1.414937e+002
8.000000000000000e-003	1.236353e+002
9.000000000000001e-003	1.097452e+002
1.000000000000000e-002	9.863280e+001
1.100000000000000e-002	8.954060e+001
1.200000000000000e-002	8.196362e+001
1.300000000000001e-002	7.555210e+001
1.400000000000001e-002	7.005632e+001
1.500000000000001e-002	6.529316e+001
1.600000000000001e-002	6.112521e+001
1.700000000000001e-002	5.744744e+001
1.800000000000001e-002	5.417822e+001
1.900000000000001e-002	5.125300e+001
2.000000000000001e-002	4.862007e+001
2.100000000000001e-002	4.623785e+001
2.200000000000001e-002	4.407208e+001
2.300000000000001e-002	4.209449e+001
2.400000000000001e-002	4.028159e+001
2.500000000000002e-002	3.861364e+001
2.600000000000002e-002	3.707390e+001
2.700000000000002e-002	3.564808e+001
2.800000000000002e-002	3.432402e+001
2.900000000000002e-002	3.309120e+001
3.000000000000002e-002	3.194044e+001
3.100000000000002e-002	3.086385e+001
3.200000000000002e-002	2.985447e+001
3.300000000000002e-002	2.890619e+001
3.400000000000002e-002	2.801359e+001
3.500000000000002e-002	2.717192e+001
3.600000000000003e-002	2.637698e+001
3.700000000000003e-002	2.562484e+001
3.800000000000003e-002	2.491229e+001
3.900000000000003e-002	2.423619e+001
4.000000000000003e-002	2.359383e+001
4.100000000000003e-002	2.298274e+001
4.200000000000003e-002	2.240064e+001
4.300000000000003e-002	2.184555e+001
4.400000000000003e-002	2.131569e+001
4.500000000000003e-002	2.080927e+001
4.600000000000003e-002	2.032482e+001
4.700000000000004e-002	1.986092e+001
4.800000000000004e-002	1.941626e+001
4.900000000000004e-002	1.898978e+001
5.000000000000004e-002	1.858022e+001
5.100000000000004e-002	1.818667e+001
5.200000000000004e-002	1.780821e+001
5.300000000000004e-002	1.744398e+001
5.400000000000004e-002	1.709319e+001
5.500000000000004e-002	1.675511e+001
5.600000000000004e-002	1.642902e+001
5.700000000000004e-002	1.611432e+001
5.800000000000005e-002	1.581047e+001
5.900000000000005e-002	1.551683e+001
6.000000000000005e-002	1.523297e+001
6.100000000000005e-002	1.495830e+001
6.200000000000005e-002	1.469245e+001
6.300000000000004e-002	1.443507e+001
6.400000000000004e-002	1.418562e+001
6.500000000000004e-002	1.394377e+001
6.600000000000005e-002	1.370927e+001
6.700000000000005e-002	1.348170e+001
6.800000000000005e-002	1.326075e+001
6.900000000000005e-002	1.304622e+001
7.000000000000005e-002	1.283772e+001
7.100000000000005e-002	1.263506e+001
7.200000000000005e-002	1.243799e+001
7.300000000000005e-002	1.224628e+001
7.400000000000005e-002	1.205974e+001
7.500000000000005e-002	1.187807e+001
7.600000000000005e-002	1.170115e+001
7.700000000000006e-002	1.152882e+001
7.800000000000006e-002	1.136087e+001
7.900000000000006e-002	1.119708e+001
8.000000000000006e-002	1.103735e+001
8.100000000000006e-002	1.088161e+001
8.200000000000006e-002	1.072955e+001
8.300000000000006e-002	1.058109e+001
8.400000000000006e-002	1.043622e+001
8.500000000000006e-002	1.029469e+001
8.600000000000006e-002	1.015633e+001
8.700000000000006e-002	1.002115e+001
8.800000000000006e-002	9.889092e+000
8.900000000000007e-002	9.759886e+000
9.000000000000007e-002	9.633544e+000
9.100000000000007e-002	9.509920e+000
9.200000000000007e-002	9.388925e+000
9.300000000000007e-002	9.270576e+000
9.400000000000007e-002	9.154637e+000
9.500000000000007e-002	9.041083e+000
9.600000000000007e-002	8.929937e+000
9.700000000000007e-002	8.821025e+000
9.800000000000007e-002	8.714233e+000
9.900000000000007e-002	8.609640e+000
1.000000000000001e-001	8.507082e+000
1.010000000000001e-001	8.406502e+000
1.020000000000001e-001	8.307887e+000
1.030000000000001e-001	8.211133e+000
1.040000000000001e-001	8.116233e+000
1.050000000000001e-001	8.023087e+000
1.060000000000001e-001	7.931691e+000
1.070000000000001e-001	7.841952e+000
1.080000000000001e-001	7.753777e+000
1.090000000000001e-001	7.667259e+000
1.100000000000001e-001	7.582306e+000
1.110000000000001e-001	7.498788e+000
1.120000000000001e-001	7.416756e+000
1.130000000000001e-001	7.336124e+000
1.140000000000001e-001	7.256901e+000
1.150000000000001e-001	7.179047e+000
1.160000000000001e-001	7.102445e+000
1.170000000000001e-001	7.027145e+000
1.180000000000001e-001	6.953113e+000
1.190000000000001e-001	6.880277e+000
1.200000000000001e-001	6.808607e+000
1.210000000000001e-001	6.738115e+000
1.220000000000001e-001	6.668730e+000
1.230000000000001e-001	6.600466e+000
1.240000000000001e-001	6.533255e+000
1.250000000000001e-001	6.467074e+000
1.260000000000001e-001	6.401974e+000
1.270000000000001e-001	6.337814e+000
1.280000000000001e-001	6.274610e+000
1.290000000000001e-001	6.212379e+000
1.300000000000001e-001	6.151098e+000
1.310000000000001e-001	6.090706e+000
1.320000000000001e-001	6.031222e+000
1.330000000000001e-001	5.972587e+000
1.340000000000001e-001	5.914783e+000
1.350000000000001e-001	5.857827e+000
1.360000000000001e-001	5.801627e+000
1.370000000000001e-001	5.746277e+000
1.380000000000001e-001	5.691721e+000
1.390000000000001e-001	5.637870e+000
1.400000000000001e-001	5.584744e+000
1.410000000000001e-001	5.532401e+000
1.420000000000001e-001	5.480750e+000
1.430000000000001e-001	5.429780e+000
1.440000000000001e-001	5.379509e+000
1.450000000000001e-001	5.329853e+000
1.460000000000001e-001	5.280905e+000
1.470000000000001e-001	5.232580e+000
1.480000000000001e-001	5.184866e+000
1.490000000000001e-001	5.137784e+000
1.500000000000001e-001	5.091288e+000
1.510000000000001e-001	5.045366e+000
1.520000000000001e-001	5.000040e+000
1.530000000000001e-001	4.955298e+000
1.540000000000001e-001	4.911097e+000
1.550000000000001e-001	4.867457e+000
1.560000000000001e-001	4.824302e+000
1.570000000000001e-001	4.781690e+000
1.580000000000001e-001	4.739608e+000
1.590000000000001e-001	4.698015e+000
1.600000000000001e-001	4.656934e+000
1.610000000000001e-001	4.616322e+000
1.620000000000001e-001	4.576172e+000
1.630000000000001e-001	4.536473e+000
1.640000000000001e-001	4.497283e+000
1.650000000000001e-001	4.458528e+000
1.660000000000001e-001	4.420167e+000
1.670000000000001e-001	4.382290e+000
1.680000000000001e-001	4.344855e+000
1.690000000000001e-001	4.307792e+000
1.700000000000001e-001	4.271157e+000
1.710000000000001e-001	4.234911e+000
1.720000000000001e-001	4.199079e+000
1.730000000000001e-001	4.163651e+000
1.740000000000001e-001	4.128562e+000
1.750000000000001e-001	4.093865e+000
1.760000000000001e-001	4.059523e+000
1.770000000000001e-001	4.025561e+000
1.780000000000001e-001	3.992002e+000
1.790000000000001e-001	3.958749e+000
1.800000000000001e-001	3.925798e+000
1.810000000000001e-001	3.893232e+000
1.820000000000001e-001	3.861015e+000
1.830000000000001e-001	3.829111e+000
1.840000000000001e-001	3.797487e+000
1.850000000000001e-001	3.766256e+000
1.860000000000001e-001	3.735321e+000
1.870000000000001e-001	3.704622e+000
1.880000000000001e-001	3.674269e+000
1.890000000000001e-001	3.644200e+000
1.900000000000001e-001	3.614467e+000
1.910000000000001e-001	3.585008e+000
1.920000000000001e-001	3.555819e+000
1.930000000000001e-001	3.526894e+000
1.940000000000001e-001	3.498230e+000
1.950000000000002e-001	3.469880e+000
1.960000000000002e-001	3.441782e+000
1.970000000000002e-001	3.413932e+000
1.980000000000002e-001	3.386382e+000
1.990000000000002e-001	3.359072e+000
2.000000000000002e-001	3.331942e+000
2.010000000000002e-001	3.305102e+000
2.020000000000002e-001	3.278490e+000
2.030000000000002e-001	3.252159e+000
2.040000000000002e-001	3.226049e+000
2.050000000000002e-001	3.200157e+000
2.060000000000002e-001	3.174535e+000
2.070000000000002e-001	3.149069e+000
2.080000000000002e-001	3.123866e+000
2.090000000000002e-001	3.098868e+000
2.100000000000002e-001	3.074072e+000
2.110000000000002e-001	3.049528e+000
2.120000000000002e-001	3.025180e+000
2.130000000000002e-001	3.001024e+000
2.140000000000002e-001	2.977057e+000
2.150000000000002e-001	2.953331e+000
2.160000000000002e-001	2.929789e+000
2.170000000000002e-001	2.906427e+000
2.180000000000002e-001	2.883297e+000
2.190000000000002e-001	2.860289e+000
2.200000000000002e-001	2.837507e+000
2.210000000000002e-001	2.814896e+000
2.220000000000002e-001	2.792452e+000
2.230000000000002e-001	2.770279e+000
2.240000000000002e-001	2.748215e+000
2.250000000000002e-001	2.726261e+000
2.260000000000002e-001	2.704568e+000
2.270000000000002e-001	2.683031e+000
2.280000000000002e-001	2.661648e+000
2.290000000000002e-001	2.640467e+000
2.300000000000002e-001	2.619383e+000
2.310000000000002e-001	2.598498e+000
2.320000000000002e-001	2.577758e+000
2.330000000000002e-001	2.557160e+000
2.340000000000002e-001	2.536804e+000
2.350000000000002e-001	2.516536e+000
2.360000000000002e-001	2.496404e+000
2.370000000000002e-001	2.476458e+000
2.380000000000002e-001	2.456594e+000
2.390000000000002e-001	2.436911e+000
2.400000000000002e-001	2.417456e+000
2.410000000000002e-001	2.398079e+000
2.420000000000002e-001	2.378776e+000
2.430000000000002e-001	2.359697e+000
2.440000000000002e-001	2.340740e+000
2.450000000000002e-001	2.321853e+000
2.460000000000002e-001	2.303183e+000
2.470000000000002e-001	2.284629e+000
2.480000000000002e-001	2.266190e+000
2.490000000000002e-001	2.247914e+000
2.500000000000002e-001	2.229700e+000
2.510000000000002e-001	2.211645e+000
2.520000000000002e-001	2.193699e+000
2.530000000000002e-001	2.175908e+000
2.540000000000002e-001	2.158223e+000
2.550000000000002e-001	2.140642e+000
2.560000000000002e-001	2.123212e+000
2.570000000000002e-001	2.105884e+000
2.580000000000002e-001	2.088703e+000
2.590000000000002e-001	2.071620e+000
2.600000000000002e-001	2.054586e+000
2.610000000000002e-001	2.037696e+000
2.620000000000002e-001	2.020996e+000
2.630000000000002e-001	2.004341e+000
2.640000000000002e-001	1.987825e+000
2.650000000000002e-001	1.971399e+000
2.660000000000002e-001	1.955016e+000
2.670000000000002e-001	1.938815e+000
2.680000000000002e-001	1.922748e+000
2.690000000000002e-001	1.906719e+000
2.700000000000002e-001	1.890822e+000
2.710000000000002e-001	1.875007e+000
2.720000000000002e-001	1.859322e+000
2.730000000000002e-001	1.843717e+000
2.740000000000002e-001	1.828192e+000
2.750000000000002e-001	1.812839e+000
2.760000000000002e-001	1.797517e+000
2.770000000000002e-001	1.782271e+000
2.780000000000002e-001	1.767148e+000
2.790000000000002e-001	1.752144e+000
2.800000000000002e-001	1.737214e+000
2.810000000000002e-001	1.722403e+000
2.820000000000002e-001	1.707662e+000
2.830000000000002e-001	1.692992e+000
2.840000000000002e-001	1.678437e+000
2.850000000000002e-001	1.663996e+000
2.860000000000002e-001	1.649623e+000
2.870000000000002e-001	1.635270e+000
2.880000000000002e-001	1.621074e+000
2.890000000000002e-001	1.606988e+000
2.900000000000002e-001	1.592966e+000
2.910000000000002e-001	1.579006e+000
2.920000000000002e-001	1.565109e+000
2.930000000000002e-001	1.551362e+000
2.940000000000002e-001	1.537676e+000
2.950000000000002e-001	1.524050e+000
2.960000000000002e-001	1.510571e+000
2.970000000000002e-001	1.497105e+000
2.980000000000002e-001	1.483697e+000
2.990000000000002e-001	1.470433e+000
3.000000000000002e-001	1.457270e+000
3.010000000000002e-001	1.444161e+000
3.020000000000002e-001	1.431061e+000
3.030000000000002e-001	1.418103e+000
3.040000000000002e-001	1.405241e+000
3.050000000000002e-001	1.392431e+000
3.060000000000002e-001	1.379716e+000
3.070000000000002e-001	1.367095e+000
3.080000000000002e-001	1.354522e+000
3.090000000000002e-001	1.341999e+000
3.100000000000002e-001	1.329567e+000
3.110000000000002e-001	1.317226e+000
3.120000000000002e-001	1.304976e+000
3.130000000000002e-001	1.292771e+000
3.140000000000002e-001	1.280655e+000
3.150000000000002e-001	1.268626e+000
3.160000000000002e-001	1.256642e+000
3.170000000000002e-001	1.244744e+000
3.180000000000002e-001	1.232976e+000
3.190000000000002e-001	1.221206e+000
3.200000000000002e-001	1.209520e+000
3.210000000000002e-001	1.197962e+000
3.220000000000002e-001	1.186400e+000
3.230000000000002e-001	1.174920e+000
3.240000000000002e-001	1.163566e+000
3.250000000000002e-001	1.152293e+000
3.260000000000002e-001	1.141014e+000
3.270000000000002e-001	1.129859e+000
3.280000000000002e-001	1.118782e+000
3.290000000000002e-001	1.107742e+000
3.300000000000002e-001	1.096822e+000
3.310000000000002e-001	1.085937e+000
3.320000000000002e-001	1.075129e+000
3.330000000000002e-001	1.064398e+000
3.340000000000002e-001	1.053742e+000
3.350000000000002e-001	1.043161e+000
3.360000000000002e-001	1.032654e+000
3.370000000000002e-001	1.022179e+000
3.380000000000002e-001	1.011821e+000
3.390000000000003e-001	1.001534e+000
3.400000000000003e-001	9.912359e-001
3.410000000000003e-001	9.810942e-001
3.420000000000003e-001	9.710236e-001
3.430000000000003e-001	9.610238e-001
3.440000000000003e-001	9.510518e-001
3.450000000000003e-001	9.411497e-001
3.460000000000003e-001	9.313591e-001
3.470000000000003e-001	9.216371e-001
3.480000000000003e-001	9.119833e-001
3.490000000000003e-001	9.023552e-001
3.500000000000003e-001	8.928365e-001
3.510000000000003e-001	8.833845e-001
3.520000000000003e-001	8.739988e-001
3.530000000000003e-001	8.646790e-001
3.540000000000003e-001	8.554666e-001
3.550000000000003e-001	8.463189e-001
3.560000000000003e-001	8.371939e-001
3.570000000000003e-001	8.281329e-001
3.580000000000003e-001	8.191775e-001
3.590000000000003e-001	8.103269e-001
3.600000000000003e-001	8.014973e-001
3.610000000000003e-001	7.927717e-001
3.620000000000003e-001	7.841079e-001
3.630000000000003e-001	7.755057e-001
3.640000000000003e-001	7.669645e-001
3.650000000000003e-001	7.584841e-001
3.660000000000003e-001	7.501471e-001
3.670000000000003e-001	7.418283e-001
3.680000000000003e-001	7.335691e-001
3.690000000000003e-001	7.254105e-001
3.700000000000003e-001	7.172692e-001
3.710000000000003e-001	7.092692e-001
3.720000000000003e-001	7.013271e-001
3.730000000000003e-001	6.934427e-001
3.740000000000003e-001	6.856156e-001
3.750000000000003e-001	6.778455e-001
3.760000000000003e-001	6.702145e-001
3.770000000000003e-001	6.626398e-001
3.780000000000003e-001	6.550798e-001
3.790000000000003e-001	6.476166e-001
3.800000000000003e-001	6.402499e-001
3.810000000000003e-001	6.328970e-001
3.820000000000003e-001	6.256811e-001
3.830000000000003e-001	6.185194e-001
3.840000000000003e-001	6.114118e-001
3.850000000000003e-001	6.043989e-001
3.860000000000003e-001	5.973985e-001
3.870000000000003e-001	5.904924e-001
3.880000000000003e-001	5.837209e-001
3.890000000000003e-001	5.769611e-001
3.900000000000003e-001	5.702946e-001
3.910000000000003e-001	5.636801e-001
3.920000000000003e-001	5.571174e-001
3.930000000000003e-001	5.506879e-001
3.940000000000003e-001	5.442688e-001
3.950000000000003e-001	5.379416e-001
3.960000000000003e-001	5.316651e-001
3.970000000000003e-001	5.254799e-001
3.980000000000003e-001	5.193449e-001
3.990000000000003e-001	5.132601e-001
4.000000000000003e-001	5.073064e-001
4.010000000000003e-001	5.014023e-001
4.020000000000003e-001	4.955475e-001
4.030000000000003e-001	4.897419e-001
4.040000000000003e-001	4.840258e-001
4.050000000000003e-001	4.783990e-001
4.060000000000003e-001	4.728207e-001
4.070000000000003e-001	4.672501e-001
4.080000000000003e-001	4.618088e-001
4.090000000000003e-001	4.564558e-001
4.100000000000003e-001	4.511101e-001
4.110000000000003e-001	4.458119e-001
4.120000000000003e-001	4.406016e-001
4.130000000000003e-001	4.355192e-001
4.140000000000003e-001	4.304434e-001
4.150000000000003e-001	4.254145e-001
4.160000000000003e-001	4.204725e-001
4.170000000000003e-001	4.156174e-001
4.180000000000003e-001	4.108086e-001
4.190000000000003e-001	4.060056e-001
4.200000000000003e-001	4.012890e-001
4.210000000000003e-001	3.966585e-001
4.220000000000003e-001	3.920738e-001
4.230000000000003e-001	3.875748e-001
4.240000000000003e-001	3.831212e-001
4.250000000000003e-001	3.786726e-001
4.260000000000003e-001	3.743095e-001
4.270000000000003e-001	3.700315e-001
4.280000000000003e-001	3.657984e-001
4.290000000000003e-001	3.616502e-001
4.300000000000003e-001	3.575064e-001
4.310000000000003e-001	3.534071e-001
4.320000000000003e-001	3.494324e-001
4.330000000000003e-001	3.454619e-001
4.340000000000003e-001	3.415355e-001
4.350000000000003e-001	3.376932e-001
4.360000000000003e-001	3.338948e-001
4.370000000000003e-001	3.301002e-001
4.380000000000003e-001	3.263893e-001
4.390000000000003e-001	3.228021e-001
4.400000000000003e-001	3.191783e-001
4.410000000000003e-001	3.155979e-001
4.420000000000003e-001	3.121408e-001
4.430000000000003e-001	3.086469e-001
4.440000000000003e-001	3.052362e-001
4.450000000000003e-001	3.019084e-001
4.460000000000003e-001	2.985836e-001
4.470000000000003e-001	2.953016e-001
4.480000000000003e-001	2.920624e-001
4.490000000000003e-001	2.889058e-001
4.500000000000003e-001	2.857519e-001
4.510000000000004e-001	2.826805e-001
4.520000000000004e-001	2.796514e-001
4.530000000000004e-001	2.766249e-001
4.540000000000004e-001	2.736407e-001
4.550000000000004e-001	2.707386e-001
4.560000000000004e-001	2.678786e-001
4.570000000000004e-001	2.649811e-001
4.580000000000004e-001	2.622052e-001
4.590000000000004e-001	2.594713e-001
4.600000000000004e-001	2.567395e-001
4.610000000000004e-001	2.540496e-001
4.620000000000004e-001	2.514014e-001
4.630000000000004e-001	2.487949e-001
4.640000000000004e-001	2.461904e-001
4.650000000000004e-001	2.436672e-001
4.660000000000004e-001	2.411856e-001
4.670000000000004e-001	2.387057e-001
4.680000000000004e-001	2.362673e-001
4.690000000000004e-001	2.338703e-001
4.700000000000004e-001	2.315146e-001
4.710000000000004e-001	2.292003e-001
4.720000000000004e-001	2.268874e-001
4.730000000000004e-001	2.246159e-001
4.740000000000004e-001	2.223854e-001
4.750000000000004e-001	2.201961e-001
4.760000000000004e-001	2.180082e-001
4.770000000000004e-001	2.158613e-001
4.780000000000004e-001	2.137554e-001
4.790000000000004e-001	2.116508e-001
4.800000000000004e-001	2.096268e-001
4.810000000000004e-001	2.076040e-001
4.820000000000004e-001	2.056220e-001
4.830000000000004e-001	2.036413e-001
4.840000000000004e-001	2.016617e-001
4.850000000000004e-001	1.997624e-001
4.860000000000004e-001	1.979038e-001
4.870000000000004e-001	1.960068e-001
4.880000000000004e-001	1.941504e-001
4.890000000000004e-001	1.923741e-001
4.900000000000004e-001	1.905988e-001
4.910000000000004e-001	1.888245e-001
4.920000000000004e-001	1.870907e-001
4.930000000000004e-001	1.853578e-001
4.940000000000004e-001	1.836654e-001
4.950000000000004e-001	1.820134e-001
4.960000000000004e-001	1.803623e-001
4.970000000000004e-001	1.787516e-001
4.980000000000004e-001	1.771417e-001
4.990000000000004e-001	1.755326e-001
5.000000000000003e-001	1.739638e-001
5.010000000000003e-001	1.724747e-001
5.020000000000003e-001	1.709470e-001
5.030000000000003e-001	1.694200e-001
5.040000000000003e-001	1.679726e-001
5.050000000000003e-001	1.665259e-001
5.060000000000003e-001	1.650800e-001
5.070000000000003e-001	1.636347e-001
5.080000000000003e-001	1.622296e-001
5.090000000000003e-001	1.608645e-001
5.100000000000003e-001	1.595000e-001
5.110000000000003e-001	1.581756e-001
5.120000000000003e-001	1.568518e-001
5.130000000000003e-001	1.554892e-001
5.140000000000004e-001	1.542060e-001
5.150000000000004e-001	1.529627e-001
5.160000000000004e-001	1.516806e-001
5.170000000000004e-001	1.504385e-001
5.180000000000004e-001	1.492362e-001
5.190000000000004e-001	1.479952e-001
5.200000000000004e-001	1.467940e-001
5.210000000000004e-001	1.456326e-001
5.220000000000004e-001	1.444325e-001
5.230000000000004e-001	1.433114e-001
5.240000000000004e-001	1.421908e-001
5.250000000000004e-001	1.410314e-001
5.260000000000004e-001	1.399118e-001
5.270000000000004e-001	1.388319e-001
5.280000000000004e-001	1.377525e-001
5.290000000000004e-001	1.366735e-001
5.300000000000004e-001	1.356342e-001
5.310000000000004e-001	1.345953e-001
5.320000000000004e-001	1.335569e-001
5.330000000000004e-001	1.325581e-001
5.340000000000004e-001	1.315596e-001
5.350000000000004e-001	1.305224e-001
5.360000000000004e-001	1.295640e-001
5.370000000000004e-001	1.286060e-001
5.380000000000004e-001	1.276483e-001
5.390000000000004e-001	1.267302e-001
5.400000000000004e-001	1.257733e-001
5.410000000000004e-001	1.248167e-001
5.420000000000004e-001	1.239388e-001
5.430000000000004e-001	1.230613e-001
5.440000000000004e-001	1.221449e-001
5.450000000000004e-001	1.212681e-001
5.460000000000004e-001	1.203915e-001
5.470000000000004e-001	1.195545e-001
5.480000000000004e-001	1.187177e-001
5.490000000000004e-001	1.178421e-001
5.500000000000004e-001	1.170059e-001
5.510000000000004e-001	1.162092e-001
5.520000000000004e-001	1.154127e-001
5.530000000000004e-001	1.146165e-001
5.540000000000004e-001	1.138206e-001
5.550000000000004e-001	1.130250e-001
5.560000000000004e-001	1.122688e-001
5.570000000000004e-001	1.115128e-001
5.580000000000004e-001	1.107571e-001
5.590000000000004e-001	1.100016e-001
5.600000000000004e-001	1.092464e-001
5.610000000000004e-001	1.085305e-001
5.620000000000004e-001	1.078148e-001
5.630000000000004e-001	1.070994e-001
5.640000000000004e-001	1.063842e-001
5.650000000000004e-001	1.057084e-001
5.660000000000004e-001	1.050327e-001
5.670000000000004e-001	1.043182e-001
5.680000000000004e-001	1.036430e-001
5.690000000000004e-001	1.029680e-001
5.700000000000004e-001	1.023322e-001
5.710000000000004e-001	1.016967e-001
5.720000000000004e-001	1.010223e-001
5.730000000000004e-001	1.003871e-001
5.740000000000004e-001	9.975215e-002
5.750000000000004e-001	9.911738e-002
5.760000000000004e-001	9.852184e-002
5.770000000000004e-001	9.792648e-002
5.780000000000004e-001	9.729225e-002
5.790000000000004e-001	9.669725e-002
5.800000000000004e-001	9.610241e-002
5.810000000000004e-001	9.550775e-002
5.820000000000004e-001	9.495228e-002
5.830000000000004e-001	9.439696e-002
5.840000000000004e-001	9.380279e-002
5.850000000000004e-001	9.320878e-002
5.860000000000004e-001	9.269296e-002
5.870000000000004e-001	9.213827e-002
5.880000000000004e-001	9.158374e-002
5.890000000000004e-001	9.106836e-002
5.900000000000004e-001	9.051412e-002
5.910000000000004e-001	8.999903e-002
5.920000000000004e-001	8.948407e-002
5.930000000000004e-001	8.896925e-002
5.940000000000004e-001	8.845456e-002
5.950000000000004e-001	8.794002e-002
5.960000000000004e-001	8.742560e-002
5.970000000000004e-001	8.691133e-002
5.980000000000004e-001	8.643615e-002
5.990000000000004e-001	8.596110e-002
6.000000000000004e-001	8.548616e-002
6.010000000000004e-001	8.501135e-002
6.020000000000004e-001	8.453666e-002
6.030000000000004e-001	8.406209e-002
6.040000000000004e-001	8.358764e-002
6.050000000000004e-001	8.315225e-002
6.060000000000004e-001	8.271697e-002
6.070000000000004e-001	8.224286e-002
6.080000000000004e-001	8.176887e-002
6.090000000000004e-001	8.133392e-002
6.100000000000004e-001	8.093801e-002
6.110000000000004e-001	8.050327e-002
6.120000000000004e-001	8.006863e-002
6.130000000000004e-001	7.963410e-002
6.140000000000004e-001	7.919967e-002
6.150000000000004e-001	7.880425e-002
6.160000000000004e-001	7.837002e-002
6.170000000000004e-001	7.797480e-002
6.180000000000004e-001	7.757967e-002
6.190000000000004e-001	7.718463e-002
6.200000000000004e-001	7.678968e-002
6.210000000000004e-001	7.635593e-002
6.220000000000004e-001	7.600007e-002
6.230000000000004e-001	7.560539e-002
6.240000000000004e-001	7.521080e-002
6.250000000000004e-001	7.485518e-002
6.260000000000004e-001	7.446077e-002
6.270000000000005e-001	7.410532e-002
6.280000000000005e-001	7.374994e-002
6.290000000000005e-001	7.335578e-002
6.300000000000005e-001	7.300057e-002
6.310000000000005e-001	7.264543e-002
6.320000000000005e-001	7.229038e-002
6.330000000000005e-001	7.193539e-002
6.340000000000005e-001	7.158049e-002
6.350000000000005e-001	7.126452e-002
6.360000000000005e-001	7.090976e-002
6.370000000000005e-001	7.055508e-002
6.380000000000005e-001	7.023932e-002
6.390000000000005e-001	6.988478e-002
6.400000000000005e-001	6.953032e-002
6.410000000000005e-001	6.921476e-002
6.420000000000005e-001	6.889928e-002
6.430000000000005e-001	6.858386e-002
6.440000000000005e-001	6.826850e-002
6.450000000000005e-001	6.795321e-002
6.460000000000005e-001	6.763798e-002
6.470000000000005e-001	6.732281e-002
6.480000000000005e-001	6.704653e-002
6.490000000000005e-001	6.673149e-002
6.500000000000005e-001	6.637769e-002
6.510000000000005e-001	6.610159e-002
6.520000000000005e-001	6.582554e-002
6.530000000000005e-001	6.551074e-002
6.540000000000005e-001	6.523481e-002
6.550000000000005e-001	6.492013e-002
6.560000000000005e-001	6.460551e-002
6.570000000000005e-001	6.436855e-002
6.580000000000005e-001	6.409283e-002
6.590000000000005e-001	6.377838e-002
6.600000000000005e-001	6.350277e-002
6.610000000000005e-001	6.326601e-002
6.620000000000005e-001	6.299050e-002
6.630000000000005e-001	6.267627e-002
6.640000000000005e-001	6.240087e-002
6.650000000000005e-001	6.216431e-002
6.660000000000005e-001	6.188901e-002
6.670000000000005e-001	6.161376e-002
6.680000000000005e-001	6.137733e-002
6.690000000000005e-001	6.110218e-002
6.700000000000005e-001	6.082708e-002
6.710000000000005e-001	6.059079e-002
6.720000000000005e-001	6.035455e-002
6.730000000000005e-001	6.011835e-002
6.740000000000005e-001	5.984343e-002
6.750000000000005e-001	5.960732e-002
6.760000000000005e-001	5.937125e-002
6.770000000000005e-001	5.909647e-002
6.780000000000005e-001	5.886049e-002
6.790000000000005e-001	5.862455e-002
6.800000000000005e-001	5.838865e-002
6.810000000000005e-001	5.815279e-002
6.820000000000005e-001	5.795571e-002
6.830000000000005e-001	5.771993e-002
6.840000000000005e-001	5.744545e-002
6.850000000000005e-001	5.724849e-002
6.860000000000005e-001	5.701283e-002
6.870000000000005e-001	5.677721e-002
6.880000000000005e-001	5.658036e-002
6.890000000000005e-001	5.634481e-002
6.900000000000005e-001	5.610931e-002
6.910000000000005e-001	5.591256e-002
6.920000000000005e-001	5.571585e-002
6.930000000000005e-001	5.548045e-002
6.940000000000005e-001	5.524510e-002
6.950000000000005e-001	5.504849e-002
6.960000000000005e-001	5.485192e-002
6.970000000000005e-001	5.465538e-002
6.980000000000005e-001	5.442016e-002
6.990000000000005e-001	5.422369e-002
7.000000000000005e-001	5.402724e-002
7.010000000000005e-001	5.379214e-002
7.020000000000005e-001	5.363446e-002
7.030000000000005e-001	5.343811e-002
7.040000000000005e-001	5.324179e-002
7.050000000000005e-001	5.304551e-002
7.060000000000005e-001	5.281057e-002
7.070000000000005e-001	5.265304e-002
7.080000000000005e-001	5.245684e-002
7.090000000000005e-001	5.226068e-002
7.100000000000005e-001	5.210323e-002
7.110000000000005e-001	5.186845e-002
7.120000000000005e-001	5.167238e-002
7.130000000000005e-001	5.151501e-002
7.140000000000005e-001	5.135767e-002
7.150000000000005e-001	5.116168e-002
7.160000000000005e-001	5.096573e-002
7.170000000000005e-001	5.080847e-002
7.180000000000005e-001	5.061256e-002
7.190000000000005e-001	5.041669e-002
7.200000000000005e-001	5.025951e-002
7.210000000000005e-001	5.010235e-002
7.220000000000005e-001	4.990656e-002
7.230000000000005e-001	4.974945e-002
7.240000000000005e-001	4.959236e-002
7.250000000000005e-001	4.939665e-002
7.260000000000005e-001	4.923962e-002
7.270000000000005e-001	4.908261e-002
7.280000000000005e-001	4.888697e-002
7.290000000000005e-001	4.873001e-002
7.300000000000005e-001	4.857307e-002
7.310000000000005e-001	4.841616e-002
7.320000000000005e-001	4.825926e-002
7.330000000000005e-001	4.806376e-002
7.340000000000005e-001	4.794555e-002
7.350000000000005e-001	4.778872e-002
7.360000000000005e-001	4.759329e-002
7.370000000000005e-001	4.747514e-002
7.380000000000005e-001	4.731838e-002
7.390000000000006e-001	4.716164e-002
7.400000000000006e-001	4.700492e-002
7.410000000000006e-001	4.684823e-002
7.420000000000006e-001	4.669156e-002
7.430000000000006e-001	4.653491e-002
7.440000000000006e-001	4.641690e-002
7.450000000000006e-001	4.626029e-002
7.460000000000006e-001	4.610370e-002
7.470000000000006e-001	4.594714e-002
7.480000000000006e-001	4.579059e-002
7.490000000000006e-001	4.567268e-002
7.500000000000006e-001	4.555478e-002
7.510000000000006e-001	4.539829e-002
7.520000000000006e-001	4.524182e-002
7.530000000000006e-001	4.508538e-002
7.540000000000006e-001	4.496755e-002
7.550000000000006e-001	4.484974e-002
7.560000000000006e-001	4.469335e-002
7.570000000000006e-001	4.453698e-002
7.580000000000006e-001	4.441923e-002
7.590000000000006e-001	4.430149e-002
7.600000000000006e-001	4.414517e-002
7.610000000000006e-001	4.402747e-002
7.620000000000006e-001	4.390978e-002
7.630000000000006e-001	4.375352e-002
7.640000000000006e-001	4.359728e-002
7.650000000000006e-001	4.347964e-002
7.660000000000006e-001	4.336202e-002
7.670000000000006e-001	4.324441e-002
7.680000000000006e-001	4.312682e-002
7.690000000000006e-001	4.297067e-002
7.700000000000006e-001	4.285311e-002
7.710000000000006e-001	4.277414e-002
7.720000000000006e-001	4.261804e-002
7.730000000000006e-001	4.246196e-002
7.740000000000006e-001	4.238303e-002
7.750000000000006e-001	4.226554e-002
7.760000000000006e-001	4.210951e-002
7.770000000000006e-001	4.199206e-002
7.780000000000006e-001	4.191318e-002
7.790000000000006e-001	4.175720e-002
7.800000000000006e-001	4.163979e-002
7.810000000000006e-001	4.156095e-002
7.820000000000006e-001	4.140502e-002
7.830000000000006e-001	4.128766e-002
7.840000000000006e-001	4.120886e-002
7.850000000000006e-001	4.109152e-002
7.860000000000006e-001	4.093565e-002
7.870000000000006e-001	4.081834e-002
7.880000000000006e-001	4.073959e-002
7.890000000000006e-001	4.062231e-002
7.900000000000006e-001	4.050505e-002
7.910000000000006e-001	4.042633e-002
7.920000000000006e-001	4.030909e-002
7.930000000000006e-001	4.015333e-002
7.940000000000006e-001	4.007465e-002
7.950000000000006e-001	3.999598e-002
7.960000000000006e-001	3.984027e-002
7.970000000000006e-001	3.976162e-002
7.980000000000006e-001	3.968299e-002
7.990000000000006e-001	3.952731e-002
8.000000000000006e-001	3.941018e-002
8.010000000000006e-001	3.933159e-002
8.020000000000006e-001	3.925300e-002
8.030000000000006e-001	3.913590e-002
8.040000000000006e-001	3.901882e-002
8.050000000000006e-001	3.894026e-002
8.060000000000006e-001	3.882320e-002
8.070000000000006e-001	3.870616e-002
8.080000000000006e-001	3.862764e-002
8.090000000000006e-001	3.854913e-002
8.100000000000006e-001	3.843211e-002
8.110000000000006e-001	3.831512e-002
8.120000000000006e-001	3.823664e-002
8.130000000000006e-001	3.815817e-002
8.140000000000006e-001	3.804120e-002
8.150000000000006e-001	3.796276e-002
8.160000000000006e-001	3.788432e-002
8.170000000000006e-001	3.772889e-002
8.180000000000006e-001	3.765047e-002
8.190000000000006e-001	3.757206e-002
8.200000000000006e-001	3.749366e-002
8.210000000000006e-001	3.741527e-002
8.220000000000006e-001	3.729840e-002
8.230000000000006e-001	3.718154e-002
8.240000000000006e-001	3.710318e-002
8.250000000000006e-001	3.702483e-002
8.260000000000006e-001	3.694649e-002
8.270000000000006e-001	3.686816e-002
8.280000000000006e-001	3.675135e-002
8.290000000000006e-001	3.667304e-002
8.300000000000006e-001	3.655626e-002
8.310000000000006e-001	3.647796e-002
8.320000000000006e-001	3.639968e-002
8.330000000000006e-001	3.632141e-002
8.340000000000006e-001	3.624314e-002
8.350000000000006e-001	3.616488e-002
8.360000000000006e-001	3.608663e-002
8.370000000000006e-001	3.596992e-002
8.380000000000006e-001	3.589169e-002
8.390000000000006e-001	3.581346e-002
8.400000000000006e-001	3.573525e-002
8.410000000000006e-001	3.565704e-002
8.420000000000006e-001	3.554038e-002
8.430000000000006e-001	3.546220e-002
8.440000000000006e-001	3.542248e-002
8.450000000000006e-001	3.534431e-002
8.460000000000006e-001	3.522769e-002
8.470000000000006e-001	3.514953e-002
8.480000000000006e-001	3.510984e-002
8.490000000000006e-001	3.499325e-002
8.500000000000006e-001	3.491512e-002
8.510000000000006e-001	3.483700e-002
8.520000000000007e-001	3.475889e-002
8.530000000000007e-001	3.471923e-002
8.540000000000007e-001	3.460269e-002
8.550000000000007e-001	3.452460e-002
8.560000000000007e-001	3.448496e-002
8.570000000000007e-001	3.440689e-002
8.580000000000007e-001	3.429038e-002
8.590000000000007e-001	3.421232e-002
8.600000000000007e-001	3.417271e-002
8.610000000000007e-001	3.409467e-002
8.620000000000007e-001	3.401664e-002
8.630000000000007e-001	3.393861e-002
8.640000000000007e-001	3.386059e-002
8.650000000000007e-001	3.382101e-002
8.660000000000007e-001	3.374300e-002
8.670000000000007e-001	3.362658e-002
8.680000000000007e-001	3.358702e-002
8.690000000000007e-001	3.350904e-002
8.700000000000007e-001	3.343106e-002
8.710000000000007e-001	3.339152e-002
8.720000000000007e-001	3.331356e-002
8.730000000000007e-001	3.323560e-002
8.740000000000007e-001	3.315766e-002
8.750000000000007e-001	3.307972e-002
8.760000000000007e-001	3.300179e-002
8.770000000000007e-001	3.296228e-002
8.780000000000007e-001	3.292278e-002
8.790000000000007e-001	3.280645e-002
8.800000000000007e-001	3.272855e-002
8.810000000000007e-001	3.268907e-002
8.820000000000007e-001	3.264959e-002
8.830000000000007e-001	3.257170e-002
8.840000000000007e-001	3.245542e-002
8.850000000000007e-001	3.241596e-002
8.860000000000007e-001	3.237650e-002
8.870000000000007e-001	3.229865e-002
8.880000000000007e-001	3.222080e-002
8.890000000000007e-001	3.218136e-002
8.900000000000007e-001	3.210352e-002
8.910000000000007e-001	3.202569e-002
8.920000000000007e-001	3.198626e-002
8.930000000000007e-001	3.190845e-002
8.940000000000007e-001	3.183064e-002
8.950000000000007e-001	3.179123e-002
8.960000000000007e-001	3.175183e-002
8.970000000000007e-001	3.167403e-002
8.980000000000007e-001	3.159625e-002
8.990000000000007e-001	3.151847e-002
9.000000000000007e-001	3.147909e-002
9.010000000000007e-001	3.143971e-002
9.020000000000007e-001	3.136195e-002
9.030000000000007e-001	3.128420e-002
9.040000000000007e-001	3.124483e-002
9.050000000000007e-001	3.120548e-002
9.060000000000007e-001	3.112774e-002
9.070000000000007e-001	3.105001e-002
9.080000000000007e-001	3.101067e-002
9.090000000000007e-001	3.097133e-002
9.100000000000007e-001	3.089362e-002
9.110000000000007e-001	3.081591e-002
9.120000000000007e-001	3.077659e-002
9.130000000000007e-001	3.073727e-002
9.140000000000007e-001	3.065958e-002
9.150000000000007e-001	3.058190e-002
9.160000000000007e-001	3.054259e-002
9.170000000000007e-001	3.050329e-002
9.180000000000007e-001	3.042563e-002
9.190000000000007e-001	3.038633e-002
9.200000000000007e-001	3.034705e-002
9.210000000000007e-001	3.026940e-002
9.220000000000007e-001	3.023012e-002
9.230000000000007e-001	3.019084e-002
9.240000000000007e-001	3.011321e-002
9.250000000000007e-001	3.003559e-002
9.260000000000007e-001	2.999633e-002
9.270000000000007e-001	2.995707e-002
9.280000000000007e-001	2.987946e-002
9.290000000000007e-001	2.984022e-002
9.300000000000007e-001	2.980097e-002
9.310000000000007e-001	2.976173e-002
9.320000000000007e-001	2.968414e-002
9.330000000000007e-001	2.960656e-002
9.340000000000007e-001	2.960569e-002
9.350000000000007e-001	2.956646e-002
9.360000000000007e-001	2.948889e-002
9.370000000000007e-001	2.941133e-002
9.380000000000007e-001	2.937213e-002
9.390000000000007e-001	2.933292e-002
9.400000000000007e-001	2.929372e-002
9.410000000000007e-001	2.925452e-002
9.420000000000007e-001	2.917698e-002
9.430000000000007e-001	2.909945e-002
9.440000000000007e-001	2.906027e-002
9.450000000000007e-001	2.905943e-002
9.460000000000007e-001	2.902025e-002
9.470000000000007e-001	2.894273e-002
9.480000000000007e-001	2.886523e-002
9.490000000000007e-001	2.882607e-002
9.500000000000007e-001	2.878690e-002
9.510000000000007e-001	2.874775e-002
9.520000000000007e-001	2.870859e-002
9.530000000000007e-001	2.866944e-002
9.540000000000007e-001	2.859196e-002
9.550000000000007e-001	2.855282e-002
9.560000000000007e-001	2.851368e-002
9.570000000000007e-001	2.843622e-002
9.580000000000007e-001	2.843541e-002
9.590000000000007e-001	2.839628e-002
9.600000000000007e-001	2.831884e-002
9.610000000000007e-001	2.827972e-002
9.620000000000007e-001	2.824060e-002
9.630000000000007e-001	2.820149e-002
9.640000000000008e-001	2.816237e-002
9.650000000000008e-001	2.808495e-002
9.660000000000008e-001	2.804585e-002
9.670000000000008e-001	2.800675e-002
9.680000000000008e-001	2.796766e-002
9.690000000000008e-001	2.792856e-002
9.700000000000008e-001	2.788947e-002
9.710000000000008e-001	2.785039e-002
9.720000000000008e-001	2.777300e-002
9.730000000000008e-001	2.773392e-002
9.740000000000008e-001	2.773315e-002
9.750000000000008e-001	2.769408e-002
9.760000000000008e-001	2.761671e-002
9.770000000000008e-001	2.757764e-002
9.780000000000008e-001	2.753858e-002
9.790000000000008e-001	2.749952e-002
9.800000000000008e-001	2.746047e-002
9.810000000000008e-001	2.738312e-002
9.820000000000008e-001	2.734407e-002
9.830000000000008e-001	2.734332e-002
9.840000000000008e-001	2.730428e-002
9.850000000000008e-001	2.726524e-002
9.860000000000008e-001	2.722621e-002
9.870000000000008e-001	2.714888e-002
9.880000000000008e-001	2.710986e-002
9.890000000000008e-001	2.707083e-002
9.900000000000008e-001	2.703181e-002
9.910000000000008e-001	2.703108e-002
9.920000000000008e-001	2.699206e-002
9.930000000000008e-001	2.691477e-002
9.940000000000008e-001	2.687576e-002
9.950000000000008e-001	2.683675e-002
9.960000000000008e-001	2.679775e-002
9.970000000000008e-001	2.679703e-002
9.980000000000008e-001	2.675803e-002
9.990000000000008e-001	2.668076e-002
1.000000000000001e+000	2.664177e-002
1.001000000000001e+000	2.660278e-002
1.002000000000000e+000	2.656380e-002
1.003000000000000e+000	2.656309e-002
1.004000000000000e+000	2.652411e-002
1.005000000000000e+000	2.644687e-002
1.006000000000000e+000	2.640789e-002
1.007000000000000e+000	2.640720e-002
1.008000000000000e+000	2.636823e-002
1.009000000000000e+000	2.629100e-002
1.010000000000000e+000	2.625204e-002
1.011000000000000e+000	2.625135e-002
1.011999999999999e+000	2.621239e-002
1.012999999999999e+000	2.617344e-002
1.013999999999999e+000	2.613449e-002
1.014999999999999e+000	2.609555e-002
1.015999999999999e+000	2.605660e-002
1.016999999999999e+000	2.601767e-002
1.017999999999999e+000	2.601699e-002
1.018999999999999e+000	2.597805e-002
1.019999999999999e+000	2.590086e-002
1.020999999999998e+000	2.586194e-002
1.021999999999998e+000	2.586127e-002
1.022999999999998e+000	2.582234e-002
1.023999999999998e+000	2.578342e-002
1.024999999999998e+000	2.574450e-002
1.025999999999998e+000	2.570559e-002
1.026999999999998e+000	2.566668e-002
1.027999999999998e+000	2.562777e-002
1.028999999999998e+000	2.562711e-002
1.029999999999997e+000	2.558821e-002
1.030999999999997e+000	2.551106e-002
1.031999999999997e+000	2.551041e-002
1.032999999999997e+000	2.547151e-002
1.033999999999997e+000	2.543262e-002
1.034999999999997e+000	2.543197e-002
1.035999999999997e+000	2.535484e-002
1.036999999999997e+000	2.531596e-002
1.037999999999997e+000	2.531532e-002
1.038999999999996e+000	2.527644e-002
1.039999999999996e+000	2.523756e-002
1.040999999999996e+000	2.523692e-002
1.041999999999996e+000	2.519805e-002
1.042999999999996e+000	2.512094e-002
1.043999999999996e+000	2.508208e-002
1.044999999999996e+000	2.508145e-002
1.045999999999996e+000	2.508082e-002
1.046999999999996e+000	2.500373e-002
1.047999999999995e+000	2.496487e-002
1.048999999999995e+000	2.496425e-002
1.049999999999995e+000	2.492540e-002
1.050999999999995e+000	2.488655e-002
1.051999999999995e+000	2.484770e-002
1.052999999999995e+000	2.484709e-002
1.053999999999995e+000	2.480824e-002
1.054999999999995e+000	2.476940e-002
1.055999999999995e+000	2.473057e-002
1.056999999999994e+000	2.469173e-002
1.057999999999994e+000	2.469112e-002
1.058999999999994e+000	2.465229e-002
1.059999999999994e+000	2.461347e-002
1.060999999999994e+000	2.457464e-002
1.061999999999994e+000	2.453582e-002
1.062999999999994e+000	2.453522e-002
1.063999999999994e+000	2.449640e-002
1.064999999999994e+000	2.445759e-002
1.065999999999993e+000	2.445699e-002
1.066999999999993e+000	2.441818e-002
1.067999999999993e+000	2.437937e-002
1.068999999999993e+000	2.434057e-002
1.069999999999993e+000	2.430176e-002
1.070999999999993e+000	2.430117e-002
1.071999999999993e+000	2.430058e-002
1.072999999999993e+000	2.422358e-002
1.073999999999993e+000	2.418479e-002
1.074999999999992e+000	2.418420e-002
1.075999999999992e+000	2.414541e-002
1.076999999999992e+000	2.414483e-002
1.077999999999992e+000	2.410604e-002
1.078999999999992e+000	2.406726e-002
1.079999999999992e+000	2.402848e-002
1.080999999999992e+000	2.398970e-002
1.081999999999992e+000	2.398913e-002
1.082999999999992e+000	2.395035e-002
1.083999999999991e+000	2.391158e-002
1.084999999999991e+000	2.391101e-002
1.085999999999991e+000	2.387224e-002
1.086999999999991e+000	2.383348e-002
1.087999999999991e+000	2.383291e-002
1.088999999999991e+000	2.379415e-002
1.089999999999991e+000	2.375539e-002
1.090999999999991e+000	2.375483e-002
1.091999999999991e+000	2.371608e-002
1.092999999999990e+000	2.367733e-002
1.093999999999990e+000	2.367676e-002
1.094999999999990e+000	2.363802e-002
1.095999999999990e+000	2.359927e-002
1.096999999999990e+000	2.356053e-002
1.097999999999990e+000	2.355998e-002
1.098999999999990e+000	2.352124e-002
1.099999999999990e+000	2.348250e-002
1.100999999999990e+000	2.348195e-002
1.101999999999989e+000	2.344322e-002
1.102999999999989e+000	2.344267e-002
1.103999999999989e+000	2.340394e-002
1.104999999999989e+000	2.336521e-002
1.105999999999989e+000	2.336467e-002
1.106999999999989e+000	2.332595e-002
1.107999999999989e+000	2.328723e-002
1.108999999999989e+000	2.328668e-002
1.109999999999989e+000	2.324797e-002
1.110999999999988e+000	2.320926e-002
1.111999999999988e+000	2.320872e-002
1.112999999999988e+000	2.317001e-002
1.113999999999988e+000	2.313130e-002
1.114999999999988e+000	2.313077e-002
1.115999999999988e+000	2.309206e-002
1.116999999999988e+000	2.305336e-002
1.117999999999988e+000	2.305283e-002
1.118999999999988e+000	2.305230e-002
1.119999999999988e+000	2.301360e-002
1.120999999999987e+000	2.297491e-002
1.121999999999987e+000	2.293622e-002
1.122999999999987e+000	2.293569e-002
1.123999999999987e+000	2.293517e-002
1.124999999999987e+000	2.285832e-002
1.125999999999987e+000	2.285780e-002
1.126999999999987e+000	2.285727e-002
1.127999999999987e+000	2.281859e-002
1.128999999999987e+000	2.277992e-002
1.129999999999986e+000	2.274124e-002
1.130999999999986e+000	2.274072e-002
1.131999999999986e+000	2.274021e-002
1.132999999999986e+000	2.270154e-002
1.133999999999986e+000	2.266287e-002
1.134999999999986e+000	2.266236e-002
1.135999999999986e+000	2.262369e-002
1.136999999999986e+000	2.258503e-002
1.137999999999986e+000	2.258452e-002
1.138999999999985e+000	2.258401e-002
1.139999999999985e+000	2.254535e-002
1.140999999999985e+000	2.250670e-002
1.141999999999985e+000	2.250619e-002
1.142999999999985e+000	2.246754e-002
1.143999999999985e+000	2.242889e-002
1.144999999999985e+000	2.242839e-002
1.145999999999985e+000	2.242788e-002
1.146999999999985e+000	2.238924e-002
1.147999999999984e+000	2.235060e-002
1.148999999999984e+000	2.235010e-002
1.149999999999984e+000	2.231146e-002
1.150999999999984e+000	2.231096e-002
1.151999999999984e+000	2.231046e-002
1.152999999999984e+000	2.223369e-002
1.153999999999984e+000	2.223320e-002
1.154999999999984e+000	2.223271e-002
1.155999999999984e+000	2.219408e-002
1.156999999999983e+000	2.215545e-002
1.157999999999983e+000	2.211683e-002
1.158999999999983e+000	2.211634e-002
1.159999999999983e+000	2.211585e-002
1.160999999999983e+000	2.211536e-002
1.161999999999983e+000	2.207674e-002
1.162999999999983e+000	2.203813e-002
1.163999999999983e+000	2.203764e-002
1.164999999999983e+000	2.199903e-002
1.165999999999982e+000	2.196042e-002
1.166999999999982e+000	2.195994e-002
1.167999999999982e+000	2.195946e-002
1.168999999999982e+000	2.192085e-002
1.169999999999982e+000	2.188225e-002
1.170999999999982e+000	2.188177e-002
1.171999999999982e+000	2.188129e-002
1.172999999999982e+000	2.184269e-002
1.173999999999982e+000	2.180410e-002
1.174999999999981e+000	2.180362e-002
1.175999999999981e+000	2.180315e-002
1.176999999999981e+000	2.176456e-002
1.177999999999981e+000	2.172597e-002
1.178999999999981e+000	2.172550e-002
1.179999999999981e+000	2.172502e-002
1.180999999999981e+000	2.168644e-002
1.181999999999981e+000	2.164786e-002
1.182999999999981e+000	2.164739e-002
1.183999999999980e+000	2.164692e-002
1.184999999999980e+000	2.160834e-002
1.185999999999980e+000	2.156977e-002
1.186999999999980e+000	2.156930e-002
1.187999999999980e+000	2.156883e-002
1.188999999999980e+000	2.153026e-002
1.189999999999980e+000	2.149169e-002
1.190999999999980e+000	2.149123e-002
1.191999999999980e+000	2.149077e-002
1.192999999999979e+000	2.145221e-002
1.193999999999979e+000	2.145175e-002
1.194999999999979e+000	2.141318e-002
1.195999999999979e+000	2.137463e-002
1.196999999999979e+000	2.141227e-002
1.197999999999979e+000	2.137371e-002
1.198999999999979e+000	2.133516e-002
1.199999999999979e+000	2.133470e-002
1.200999999999979e+000	2.129615e-002
1.201999999999978e+000	2.129570e-002
1.202999999999978e+000	2.129524e-002
1.203999999999978e+000	2.125669e-002
1.204999999999978e+000	2.121815e-002
1.205999999999978e+000	2.121770e-002
1.206999999999978e+000	2.121725e-002
1.207999999999978e+000	2.117871e-002
1.208999999999978e+000	2.117826e-002
1.209999999999978e+000	2.113972e-002
1.210999999999977e+000	2.110119e-002
1.211999999999977e+000	2.110074e-002
1.212999999999977e+000	2.110030e-002
1.213999999999977e+000	2.109985e-002
1.214999999999977e+000	2.106132e-002
1.215999999999977e+000	2.102279e-002
1.216999999999977e+000	2.102235e-002
1.217999999999977e+000	2.102191e-002
1.218999999999977e+000	2.102147e-002
1.219999999999976e+000	2.098294e-002
1.220999999999976e+000	2.094442e-002
1.221999999999976e+000	2.094398e-002
1.222999999999976e+000	2.094355e-002
1.223999999999976e+000	2.090503e-002
1.224999999999976e+000	2.086651e-002
1.225999999999976e+000	2.086608e-002
1.226999999999976e+000	2.086564e-002
1.227999999999976e+000	2.086521e-002
1.228999999999975e+000	2.082670e-002
1.229999999999975e+000	2.078819e-002
1.230999999999975e+000	2.078776e-002
1.231999999999975e+000	2.078733e-002
1.232999999999975e+000	2.074882e-002
1.233999999999975e+000	2.074839e-002
1.234999999999975e+000	2.074796e-002
1.235999999999975e+000	2.070947e-002
1.236999999999975e+000	2.067097e-002
1.237999999999975e+000	2.067054e-002
1.238999999999974e+000	2.067011e-002
1.239999999999974e+000	2.063162e-002
1.240999999999974e+000	2.063120e-002
1.241999999999974e+000	2.063077e-002
1.242999999999974e+000	2.059228e-002
1.243999999999974e+000	2.059186e-002
1.244999999999974e+000	2.059143e-002
1.245999999999974e+000	2.051489e-002
1.246999999999974e+000	2.051447e-002
1.247999999999973e+000	2.055211e-002
1.248999999999973e+000	2.051362e-002
1.249999999999973e+000	2.047515e-002
1.250999999999973e+000	2.047473e-002
1.251999999999973e+000	2.047431e-002
1.252999999999973e+000	2.043583e-002
1.253999999999973e+000	2.039736e-002
1.254999999999973e+000	2.039695e-002
1.255999999999973e+000	2.039653e-002
1.256999999999972e+000	2.039611e-002
1.257999999999972e+000	2.039570e-002
1.258999999999972e+000	2.035723e-002
1.259999999999972e+000	2.031877e-002
1.260999999999972e+000	2.031835e-002
1.261999999999972e+000	2.031794e-002
1.262999999999972e+000	2.027948e-002
1.263999999999972e+000	2.027907e-002
1.264999999999972e+000	2.027866e-002
1.265999999999971e+000	2.024020e-002
1.266999999999971e+000	2.023979e-002
1.267999999999971e+000	2.020134e-002
1.268999999999971e+000	2.020093e-002
1.269999999999971e+000	2.020052e-002
1.270999999999971e+000	2.016207e-002
1.271999999999971e+000	2.016167e-002
1.272999999999971e+000	2.016126e-002
1.273999999999971e+000	2.012282e-002
1.274999999999970e+000	2.008437e-002
1.275999999999970e+000	2.012201e-002
1.276999999999970e+000	2.012160e-002
1.277999999999970e+000	2.004512e-002
1.278999999999970e+000	2.004472e-002
1.279999999999970e+000	2.004432e-002
1.280999999999970e+000	2.004392e-002
1.281999999999970e+000	2.004352e-002
1.282999999999970e+000	2.000508e-002
1.283999999999969e+000	1.996665e-002
1.284999999999969e+000	1.996625e-002
1.285999999999969e+000	1.996585e-002
1.286999999999969e+000	1.996546e-002
1.287999999999969e+000	1.996506e-002
1.288999999999969e+000	1.988860e-002
1.289999999999969e+000	1.988821e-002
1.290999999999969e+000	1.992584e-002
1.291999999999969e+000	1.988742e-002
1.292999999999968e+000	1.984900e-002
1.293999999999968e+000	1.984860e-002
1.294999999999968e+000	1.984821e-002
1.295999999999968e+000	1.980979e-002
1.296999999999968e+000	1.980940e-002
1.297999999999968e+000	1.980901e-002
1.298999999999968e+000	1.977060e-002
1.299999999999968e+000	1.977020e-002
1.300999999999968e+000	1.976981e-002
1.301999999999967e+000	1.976942e-002
1.302999999999967e+000	1.973101e-002
1.303999999999967e+000	1.969261e-002
1.304999999999967e+000	1.973024e-002
1.305999999999967e+000	1.972985e-002
1.306999999999967e+000	1.965343e-002
1.307999999999967e+000	1.965305e-002
1.308999999999967e+000	1.965266e-002
1.309999999999967e+000	1.965227e-002
1.310999999999966e+000	1.965189e-002
1.311999999999966e+000	1.961349e-002
1.312999999999966e+000	1.961310e-002
1.313999999999966e+000	1.957471e-002
1.314999999999966e+000	1.957433e-002
1.315999999999966e+000	1.957394e-002
1.316999999999966e+000	1.953556e-002
1.317999999999966e+000	1.953517e-002
1.318999999999966e+000	1.953479e-002
1.319999999999965e+000	1.953441e-002
1.320999999999965e+000	1.953403e-002
1.321999999999965e+000	1.949564e-002
1.322999999999965e+000	1.945726e-002
1.323999999999965e+000	1.945688e-002
1.324999999999965e+000	1.945651e-002
1.325999999999965e+000	1.945613e-002
1.326999999999965e+000	1.945575e-002
1.327999999999965e+000	1.941737e-002
1.328999999999964e+000	1.937900e-002
1.329999999999964e+000	1.937862e-002
1.330999999999964e+000	1.937825e-002
1.331999999999964e+000	1.937787e-002
1.332999999999964e+000	1.937749e-002
1.333999999999964e+000	1.937712e-002
1.334999999999964e+000	1.933875e-002
1.335999999999964e+000	1.930038e-002
1.336999999999964e+000	1.930001e-002
1.337999999999963e+000	1.929964e-002
1.338999999999963e+000	1.929927e-002
1.339999999999963e+000	1.929889e-002
1.340999999999963e+000	1.926053e-002
1.341999999999963e+000	1.926016e-002
1.342999999999963e+000	1.925979e-002
1.343999999999963e+000	1.922143e-002
1.344999999999963e+000	1.922106e-002
1.345999999999963e+000	1.922069e-002
1.346999999999962e+000	1.918234e-002
1.347999999999962e+000	1.918197e-002
1.348999999999962e+000	1.918160e-002
1.349999999999962e+000	1.914325e-002
1.350999999999962e+000	1.914289e-002
1.351999999999962e+000	1.914252e-002
1.352999999999962e+000	1.914215e-002
1.353999999999962e+000	1.914179e-002
1.354999999999962e+000	1.910344e-002
1.355999999999962e+000	1.906510e-002
1.356999999999961e+000	1.910271e-002
1.357999999999961e+000	1.910235e-002
1.358999999999961e+000	1.906401e-002
1.359999999999961e+000	1.902567e-002
1.360999999999961e+000	1.902531e-002
1.361999999999961e+000	1.902495e-002
1.362999999999961e+000	1.902458e-002
1.363999999999961e+000	1.902422e-002
1.364999999999961e+000	1.898589e-002
1.365999999999960e+000	1.898553e-002
1.366999999999960e+000	1.898517e-002
1.367999999999960e+000	1.898481e-002
1.368999999999960e+000	1.894648e-002
1.369999999999960e+000	1.894612e-002
1.370999999999960e+000	1.894576e-002
1.371999999999960e+000	1.890744e-002
1.372999999999960e+000	1.890708e-002
1.373999999999960e+000	1.890672e-002
1.374999999999959e+000	1.890636e-002
1.375999999999959e+000	1.886804e-002
1.376999999999959e+000	1.886769e-002
1.377999999999959e+000	1.886733e-002
1.378999999999959e+000	1.882901e-002
1.379999999999959e+000	1.886662e-002
1.380999999999959e+000	1.886626e-002
1.381999999999959e+000	1.878999e-002
1.382999999999959e+000	1.878964e-002
1.383999999999958e+000	1.882724e-002
1.384999999999958e+000	1.878893e-002
1.385999999999958e+000	1.875062e-002
1.386999999999958e+000	1.878822e-002
1.387999999999958e+000	1.878787e-002
1.388999999999958e+000	1.874956e-002
1.389999999999958e+000	1.871126e-002
1.390999999999958e+000	1.871091e-002
1.391999999999958e+000	1.874851e-002
1.392999999999957e+000	1.871021e-002
1.393999999999957e+000	1.870986e-002
1.394999999999957e+000	1.870951e-002
1.395999999999957e+000	1.867121e-002
1.396999999999957e+000	1.867086e-002
1.397999999999957e+000	1.867051e-002
1.398999999999957e+000	1.863221e-002
1.399999999999957e+000	1.863187e-002
1.400999999999957e+000	1.863152e-002
1.401999999999956e+000	1.863117e-002
1.402999999999956e+000	1.863083e-002
1.403999999999956e+000	1.859254e-002
1.404999999999956e+000	1.859219e-002
1.405999999999956e+000	1.859184e-002
1.406999999999956e+000	1.859150e-002
1.407999999999956e+000	1.855321e-002
1.408999999999956e+000	1.855287e-002
1.409999999999956e+000	1.855252e-002
1.410999999999955e+000	1.851424e-002
1.411999999999955e+000	1.855184e-002
1.412999999999955e+000	1.855149e-002
1.413999999999955e+000	1.851321e-002
1.414999999999955e+000	1.847493e-002
1.415999999999955e+000	1.847459e-002
1.416999999999955e+000	1.851218e-002
1.417999999999955e+000	1.847391e-002
1.418999999999955e+000	1.847357e-002
1.419999999999954e+000	1.847323e-002
1.420999999999954e+000	1.843495e-002
1.421999999999954e+000	1.843461e-002
1.422999999999954e+000	1.843427e-002
1.423999999999954e+000	1.843393e-002
1.424999999999954e+000	1.839566e-002
1.425999999999954e+000	1.839533e-002
1.426999999999954e+000	1.839499e-002
1.427999999999954e+000	1.839465e-002
1.428999999999953e+000	1.839431e-002
1.429999999999953e+000	1.835605e-002
1.430999999999953e+000	1.835571e-002
1.431999999999953e+000	1.835537e-002
1.432999999999953e+000	1.835504e-002
1.433999999999953e+000	1.831678e-002
1.434999999999953e+000	1.831644e-002
1.435999999999953e+000	1.831611e-002
1.436999999999953e+000	1.831577e-002
1.437999999999952e+000	1.831544e-002
1.438999999999952e+000	1.827718e-002
1.439999999999952e+000	1.827685e-002
1.440999999999952e+000	1.827651e-002
1.441999999999952e+000	1.827618e-002
1.442999999999952e+000	1.827584e-002
1.443999999999952e+000	1.827551e-002
1.444999999999952e+000	1.823726e-002
1.445999999999952e+000	1.819901e-002
1.446999999999951e+000	1.823660e-002
1.447999999999951e+000	1.823626e-002
1.448999999999951e+000	1.819802e-002
1.449999999999951e+000	1.819769e-002
1.450999999999951e+000	1.819736e-002
1.451999999999951e+000	1.819703e-002
1.452999999999951e+000	1.819670e-002
1.453999999999951e+000	1.815846e-002
1.454999999999951e+000	1.815813e-002
1.455999999999950e+000	1.815780e-002
1.456999999999950e+000	1.811956e-002
1.457999999999950e+000	1.815714e-002
1.458999999999950e+000	1.815681e-002
1.459999999999950e+000	1.811857e-002
1.460999999999950e+000	1.811825e-002
1.461999999999950e+000	1.811792e-002
1.462999999999950e+000	1.807969e-002
1.463999999999950e+000	1.807936e-002
1.464999999999950e+000	1.807903e-002
1.465999999999949e+000	1.807871e-002
1.466999999999949e+000	1.807838e-002
1.467999999999949e+000	1.804015e-002
1.468999999999949e+000	1.807773e-002
1.469999999999949e+000	1.807740e-002
1.470999999999949e+000	1.803918e-002
1.471999999999949e+000	1.800095e-002
1.472999999999949e+000	1.800063e-002
1.473999999999949e+000	1.803820e-002
1.474999999999948e+000	1.803787e-002
1.475999999999948e+000	1.799966e-002
1.476999999999948e+000	1.796144e-002
1.477999999999948e+000	1.799901e-002
1.478999999999948e+000	1.799868e-002
1.479999999999948e+000	1.796047e-002
1.480999999999948e+000	1.796015e-002
1.481999999999948e+000	1.795982e-002
1.482999999999948e+000	1.795950e-002
1.483999999999947e+000	1.795918e-002
1.484999999999947e+000	1.792097e-002
1.485999999999947e+000	1.792065e-002
1.486999999999947e+000	1.792033e-002
1.487999999999947e+000	1.792001e-002
1.488999999999947e+000	1.791968e-002
1.489999999999947e+000	1.788148e-002
1.490999999999947e+000	1.791904e-002
1.491999999999947e+000	1.791872e-002
1.492999999999946e+000	1.788052e-002
1.493999999999946e+000	1.788020e-002
1.494999999999946e+000	1.784200e-002
1.495999999999946e+000	1.784168e-002
1.496999999999946e+000	1.787924e-002
1.497999999999946e+000	1.784104e-002
1.498999999999946e+000	1.784073e-002
1.499999999999946e+000	1.784041e-002
1.500999999999946e+000	1.784009e-002
1.501999999999945e+000	1.783977e-002
1.502999999999945e+000	1.780158e-002
1.503999999999945e+000	1.780126e-002
1.504999999999945e+000	1.780094e-002
1.505999999999945e+000	1.780063e-002
1.506999999999945e+000	1.780031e-002
1.507999999999945e+000	1.776212e-002
1.508999999999945e+000	1.776181e-002
1.509999999999945e+000	1.779936e-002
1.510999999999944e+000	1.776117e-002
1.511999999999944e+000	1.776086e-002
1.512999999999944e+000	1.776054e-002
1.513999999999944e+000	1.772236e-002
1.514999999999944e+000	1.772204e-002
1.515999999999944e+000	1.772173e-002
1.516999999999944e+000	1.772142e-002
1.517999999999944e+000	1.772110e-002
1.518999999999944e+000	1.772079e-002
1.519999999999943e+000	1.772047e-002
1.520999999999943e+000	1.772016e-002
1.521999999999943e+000	1.768198e-002
1.522999999999943e+000	1.768167e-002
1.523999999999943e+000	1.768136e-002
1.524999999999943e+000	1.768105e-002
1.525999999999943e+000	1.768073e-002
1.526999999999943e+000	1.764256e-002
1.527999999999943e+000	1.768011e-002
1.528999999999942e+000	1.767980e-002
1.529999999999942e+000	1.764163e-002
1.530999999999942e+000	1.764132e-002
1.531999999999942e+000	1.764100e-002
1.532999999999942e+000	1.764069e-002
1.533999999999942e+000	1.760253e-002
1.534999999999942e+000	1.760222e-002
1.535999999999942e+000	1.763976e-002
1.536999999999942e+000	1.760160e-002
1.537999999999941e+000	1.760129e-002
1.538999999999941e+000	1.760098e-002
1.539999999999941e+000	1.756282e-002
1.540999999999941e+000	1.760036e-002
1.541999999999941e+000	1.760005e-002
1.542999999999941e+000	1.756189e-002
1.543999999999941e+000	1.756158e-002
1.544999999999941e+000	1.756127e-002
1.545999999999941e+000	1.756097e-002
1.546999999999940e+000	1.756066e-002
1.547999999999940e+000	1.756035e-002
1.548999999999940e+000	1.752220e-002
1.549999999999940e+000	1.752189e-002
1.550999999999940e+000	1.755942e-002
1.551999999999940e+000	1.752127e-002
1.552999999999940e+000	1.752097e-002
1.553999999999940e+000	1.752066e-002
1.554999999999940e+000	1.748251e-002
1.555999999999939e+000	1.752005e-002
1.556999999999939e+000	1.751974e-002
1.557999999999939e+000	1.748159e-002
1.558999999999939e+000	1.748129e-002
1.559999999999939e+000	1.748098e-002
1.560999999999939e+000	1.748068e-002
1.561999999999939e+000	1.748037e-002
1.562999999999939e+000	1.748007e-002
1.563999999999939e+000	1.747976e-002
1.564999999999938e+000	1.744162e-002
1.565999999999938e+000	1.744132e-002
1.566999999999938e+000	1.747885e-002
1.567999999999938e+000	1.744071e-002
1.568999999999938e+000	1.744040e-002
1.569999999999938e+000	1.744010e-002
1.570999999999938e+000	1.743980e-002
1.571999999999938e+000	1.743949e-002
1.572999999999938e+000	1.740136e-002
1.573999999999937e+000	1.740106e-002
1.574999999999937e+000	1.740075e-002
1.575999999999937e+000	1.743828e-002
1.576999999999937e+000	1.743797e-002
1.577999999999937e+000	1.736202e-002
1.578999999999937e+000	1.736172e-002
1.579999999999937e+000	1.739924e-002
1.580999999999937e+000	1.739894e-002
1.581999999999937e+000	1.739863e-002
1.582999999999937e+000	1.736051e-002
1.583999999999936e+000	1.736021e-002
1.584999999999936e+000	1.739773e-002
1.585999999999936e+000	1.735960e-002
1.586999999999936e+000	1.735930e-002
1.587999999999936e+000	1.735900e-002
1.588999999999936e+000	1.735870e-002
1.589999999999936e+000	1.735840e-002
1.590999999999936e+000	1.732028e-002
1.591999999999936e+000	1.731998e-002
1.592999999999935e+000	1.735750e-002
1.593999999999935e+000	1.735719e-002
1.594999999999935e+000	1.731908e-002
1.595999999999935e+000	1.731878e-002
1.596999999999935e+000	1.731848e-002
1.597999999999935e+000	1.731818e-002
1.598999999999935e+000	1.728007e-002
1.599999999999935e+000	1.727977e-002
1.600999999999935e+000	1.731728e-002
1.601999999999934e+000	1.731698e-002
1.602999999999934e+000	1.727887e-002
1.603999999999934e+000	1.727857e-002
1.604999999999934e+000	1.731608e-002
1.605999999999934e+000	1.727798e-002
1.606999999999934e+000	1.727768e-002
1.607999999999934e+000	1.727738e-002
1.608999999999934e+000	1.727708e-002
1.609999999999934e+000	1.727678e-002
1.610999999999933e+000	1.723868e-002
1.611999999999933e+000	1.727619e-002
1.612999999999933e+000	1.727589e-002
1.613999999999933e+000	1.723779e-002
1.614999999999933e+000	1.723749e-002
1.615999999999933e+000	1.723719e-002
1.616999999999933e+000	1.723690e-002
1.617999999999933e+000	1.723660e-002
1.618999999999933e+000	1.723630e-002
1.619999999999932e+000	1.723600e-002
1.620999999999932e+000	1.723571e-002
1.621999999999932e+000	1.723541e-002
1.622999999999932e+000	1.723511e-002
1.623999999999932e+000	1.719702e-002
1.624999999999932e+000	1.719673e-002
1.625999999999932e+000	1.723422e-002
1.626999999999932e+000	1.723393e-002
1.627999999999932e+000	1.719584e-002
1.628999999999931e+000	1.719554e-002
1.629999999999931e+000	1.719524e-002
1.630999999999931e+000	1.719495e-002
1.631999999999931e+000	1.719465e-002
1.632999999999931e+000	1.719436e-002
1.633999999999931e+000	1.719406e-002
1.634999999999931e+000	1.715598e-002
1.635999999999931e+000	1.719347e-002
1.636999999999931e+000	1.719318e-002
1.637999999999930e+000	1.715509e-002
1.638999999999930e+000	1.715480e-002
1.639999999999930e+000	1.719229e-002
1.640999999999930e+000	1.719199e-002
1.641999999999930e+000	1.715392e-002
1.642999999999930e+000	1.715362e-002
1.643999999999930e+000	1.715333e-002
1.644999999999930e+000	1.715303e-002
1.645999999999930e+000	1.715274e-002
1.646999999999929e+000	1.715244e-002
1.647999999999929e+000	1.715215e-002
1.648999999999929e+000	1.715186e-002
1.649999999999929e+000	1.715156e-002
1.650999999999929e+000	1.715127e-002
1.651999999999929e+000	1.711320e-002
1.652999999999929e+000	1.711290e-002
1.653999999999929e+000	1.715039e-002
1.654999999999929e+000	1.715009e-002
1.655999999999928e+000	1.711202e-002
1.656999999999928e+000	1.711173e-002
1.657999999999928e+000	1.714921e-002
1.658999999999928e+000	1.711114e-002
1.659999999999928e+000	1.711085e-002
1.660999999999928e+000	1.711056e-002
1.661999999999928e+000	1.711027e-002
1.662999999999928e+000	1.710997e-002
1.663999999999928e+000	1.710968e-002
1.664999999999927e+000	1.710939e-002
1.665999999999927e+000	1.710910e-002
1.666999999999927e+000	1.710880e-002
1.667999999999927e+000	1.707074e-002
1.668999999999927e+000	1.710822e-002
1.669999999999927e+000	1.710793e-002
1.670999999999927e+000	1.706987e-002
1.671999999999927e+000	1.710734e-002
1.672999999999927e+000	1.710705e-002
1.673999999999926e+000	1.706899e-002
1.674999999999926e+000	1.706870e-002
1.675999999999926e+000	1.710617e-002
1.676999999999926e+000	1.710588e-002
1.677999999999926e+000	1.706783e-002
1.678999999999926e+000	1.706753e-002
1.679999999999926e+000	1.706724e-002
1.680999999999926e+000	1.706695e-002
1.681999999999926e+000	1.706666e-002
1.682999999999925e+000	1.706637e-002
1.683999999999925e+000	1.706608e-002
1.684999999999925e+000	1.706579e-002
1.685999999999925e+000	1.706550e-002
1.686999999999925e+000	1.706520e-002
1.687999999999925e+000	1.706491e-002
1.688999999999925e+000	1.706462e-002
1.689999999999925e+000	1.706433e-002
1.690999999999925e+000	1.706404e-002
1.691999999999925e+000	1.706375e-002
1.692999999999924e+000	1.706346e-002
1.693999999999924e+000	1.706317e-002
1.694999999999924e+000	1.706288e-002
1.695999999999924e+000	1.706258e-002
1.696999999999924e+000	1.706229e-002
1.697999999999924e+000	1.702425e-002
1.698999999999924e+000	1.702396e-002
1.699999999999924e+000	1.706142e-002
1.700999999999924e+000	1.706113e-002
1.701999999999923e+000	1.706084e-002
1.702999999999923e+000	1.702280e-002
1.703999999999923e+000	1.702251e-002
1.704999999999923e+000	1.705997e-002
1.705999999999923e+000	1.705968e-002
1.706999999999923e+000	1.702164e-002
1.707999999999923e+000	1.702135e-002
1.708999999999923e+000	1.705880e-002
1.709999999999923e+000	1.702077e-002
1.710999999999922e+000	1.702048e-002
1.711999999999922e+000	1.705793e-002
1.712999999999922e+000	1.701990e-002
1.713999999999922e+000	1.701961e-002
1.714999999999922e+000	1.705706e-002
1.715999999999922e+000	1.705677e-002
1.716999999999922e+000	1.701874e-002
1.717999999999922e+000	1.701845e-002
1.718999999999922e+000	1.701816e-002
1.719999999999921e+000	1.701788e-002
1.720999999999921e+000	1.705532e-002
1.721999999999921e+000	1.701729e-002
1.722999999999921e+000	1.701701e-002
1.723999999999921e+000	1.705445e-002
1.724999999999921e+000	1.701643e-002
1.725999999999921e+000	1.701614e-002
1.726999999999921e+000	1.705358e-002
1.727999999999921e+000	1.701556e-002
1.728999999999920e+000	1.701527e-002
1.729999999999920e+000	1.701498e-002
1.730999999999920e+000	1.701469e-002
1.731999999999920e+000	1.705212e-002
1.732999999999920e+000	1.701411e-002
1.733999999999920e+000	1.701382e-002
1.734999999999920e+000	1.701353e-002
1.735999999999920e+000	1.701324e-002
1.736999999999920e+000	1.705067e-002
1.737999999999919e+000	1.701266e-002
1.738999999999919e+000	1.701237e-002
1.739999999999919e+000	1.704980e-002
1.740999999999919e+000	1.701179e-002
1.741999999999919e+000	1.701150e-002
1.742999999999919e+000	1.704893e-002
1.743999999999919e+000	1.701092e-002
1.744999999999919e+000	1.701063e-002
1.745999999999919e+000	1.704806e-002
1.746999999999918e+000	1.701005e-002
1.747999999999918e+000	1.700976e-002
1.748999999999918e+000	1.704719e-002
1.749999999999918e+000	1.700918e-002
1.750999999999918e+000	1.700890e-002
1.751999999999918e+000	1.704632e-002
1.752999999999918e+000	1.700832e-002
1.753999999999918e+000	1.700803e-002
1.754999999999918e+000	1.704545e-002
1.755999999999917e+000	1.704516e-002
1.756999999999917e+000	1.700716e-002
1.757999999999917e+000	1.700687e-002
1.758999999999917e+000	1.704429e-002
1.759999999999917e+000	1.704400e-002
1.760999999999917e+000	1.700600e-002
1.761999999999917e+000	1.700571e-002
1.762999999999917e+000	1.704313e-002
1.763999999999917e+000	1.704284e-002
1.764999999999916e+000	1.704255e-002
1.765999999999916e+000	1.704226e-002
1.766999999999916e+000	1.700426e-002
1.767999999999916e+000	1.700397e-002
1.768999999999916e+000	1.704139e-002
1.769999999999916e+000	1.704110e-002
1.770999999999916e+000	1.704081e-002
1.771999999999916e+000	1.704051e-002
1.772999999999916e+000	1.704022e-002
1.773999999999915e+000	1.703993e-002
1.774999999999915e+000	1.703964e-002
1.775999999999915e+000	1.703935e-002
1.776999999999915e+000	1.703906e-002
1.777999999999915e+000	1.703877e-002
1.778999999999915e+000	1.703848e-002
1.779999999999915e+000	1.703819e-002
1.780999999999915e+000	1.703790e-002
1.781999999999915e+000	1.703761e-002
1.782999999999914e+000	1.707501e-002
1.783999999999914e+000	1.707472e-002
1.784999999999914e+000	1.703674e-002
1.785999999999914e+000	1.703645e-002
1.786999999999914e+000	1.703616e-002
1.787999999999914e+000	1.707356e-002
1.788999999999914e+000	1.707327e-002
1.789999999999914e+000	1.703529e-002
1.790999999999914e+000	1.707269e-002
1.791999999999913e+000	1.707239e-002
1.792999999999913e+000	1.703442e-002
1.793999999999913e+000	1.707181e-002
1.794999999999913e+000	1.707152e-002
1.795999999999913e+000	1.707123e-002
1.796999999999913e+000	1.707094e-002
1.797999999999913e+000	1.707065e-002
1.798999999999913e+000	1.707035e-002
1.800000000000000e+000	1.703238e-002
