vds	d(Is(M1))/Is(M1)
-1.800000000000000e+000	-2.183020e-002
-1.799000000000000e+000	-2.183067e-002
-1.798000000000000e+000	-2.177764e-002
-1.797000000000000e+000	-2.177812e-002
-1.796000000000001e+000	-2.183210e-002
-1.795000000000001e+000	-2.183258e-002
-1.794000000000001e+000	-2.183305e-002
-1.793000000000001e+000	-2.178002e-002
-1.792000000000001e+000	-2.178049e-002
-1.791000000000001e+000	-2.183448e-002
-1.790000000000001e+000	-2.183496e-002
-1.789000000000001e+000	-2.183544e-002
-1.788000000000001e+000	-2.183591e-002
-1.787000000000002e+000	-2.183639e-002
-1.786000000000002e+000	-2.183687e-002
-1.785000000000002e+000	-2.183734e-002
-1.784000000000002e+000	-2.183782e-002
-1.783000000000002e+000	-2.183830e-002
-1.782000000000002e+000	-2.189230e-002
-1.781000000000002e+000	-2.189278e-002
-1.780000000000002e+000	-2.183973e-002
-1.779000000000002e+000	-2.184021e-002
-1.778000000000003e+000	-2.184068e-002
-1.777000000000003e+000	-2.189469e-002
-1.776000000000003e+000	-2.189517e-002
-1.775000000000003e+000	-2.184212e-002
-1.774000000000003e+000	-2.189613e-002
-1.773000000000003e+000	-2.189661e-002
-1.772000000000003e+000	-2.184355e-002
-1.771000000000003e+000	-2.189757e-002
-1.770000000000003e+000	-2.189805e-002
-1.769000000000004e+000	-2.189853e-002
-1.768000000000004e+000	-2.189901e-002
-1.767000000000004e+000	-2.189949e-002
-1.766000000000004e+000	-2.189997e-002
-1.765000000000004e+000	-2.190044e-002
-1.764000000000004e+000	-2.195447e-002
-1.763000000000004e+000	-2.190141e-002
-1.762000000000004e+000	-2.190188e-002
-1.761000000000004e+000	-2.195592e-002
-1.760000000000004e+000	-2.190285e-002
-1.759000000000005e+000	-2.190333e-002
-1.758000000000005e+000	-2.195736e-002
-1.757000000000005e+000	-2.195784e-002
-1.756000000000005e+000	-2.195832e-002
-1.755000000000005e+000	-2.190525e-002
-1.754000000000005e+000	-2.190573e-002
-1.753000000000005e+000	-2.195977e-002
-1.752000000000005e+000	-2.196025e-002
-1.751000000000005e+000	-2.196073e-002
-1.750000000000006e+000	-2.196122e-002
-1.749000000000006e+000	-2.196170e-002
-1.748000000000006e+000	-2.196218e-002
-1.747000000000006e+000	-2.196266e-002
-1.746000000000006e+000	-2.201671e-002
-1.745000000000006e+000	-2.201720e-002
-1.744000000000006e+000	-2.196411e-002
-1.743000000000006e+000	-2.196459e-002
-1.742000000000006e+000	-2.196508e-002
-1.741000000000007e+000	-2.201913e-002
-1.740000000000007e+000	-2.201962e-002
-1.739000000000007e+000	-2.196653e-002
-1.738000000000007e+000	-2.202059e-002
-1.737000000000007e+000	-2.202107e-002
-1.736000000000007e+000	-2.202156e-002
-1.735000000000007e+000	-2.202204e-002
-1.734000000000007e+000	-2.196894e-002
-1.733000000000007e+000	-2.202301e-002
-1.732000000000008e+000	-2.207708e-002
-1.731000000000008e+000	-2.202398e-002
-1.730000000000008e+000	-2.202447e-002
-1.729000000000008e+000	-2.202495e-002
-1.728000000000008e+000	-2.202544e-002
-1.727000000000008e+000	-2.207952e-002
-1.726000000000008e+000	-2.202641e-002
-1.725000000000008e+000	-2.202689e-002
-1.724000000000008e+000	-2.208098e-002
-1.723000000000009e+000	-2.208146e-002
-1.722000000000009e+000	-2.208195e-002
-1.721000000000009e+000	-2.208244e-002
-1.720000000000009e+000	-2.208293e-002
-1.719000000000009e+000	-2.202981e-002
-1.718000000000009e+000	-2.203030e-002
-1.717000000000009e+000	-2.208439e-002
-1.716000000000009e+000	-2.213848e-002
-1.715000000000009e+000	-2.213897e-002
-1.714000000000010e+000	-2.208585e-002
-1.713000000000010e+000	-2.208634e-002
-1.712000000000010e+000	-2.208683e-002
-1.711000000000010e+000	-2.208732e-002
-1.710000000000010e+000	-2.208780e-002
-1.709000000000010e+000	-2.214190e-002
-1.708000000000010e+000	-2.214240e-002
-1.707000000000010e+000	-2.208927e-002
-1.706000000000010e+000	-2.214337e-002
-1.705000000000011e+000	-2.214386e-002
-1.704000000000011e+000	-2.214435e-002
-1.703000000000011e+000	-2.214485e-002
-1.702000000000011e+000	-2.214533e-002
-1.701000000000011e+000	-2.214583e-002
-1.700000000000011e+000	-2.214632e-002
-1.699000000000011e+000	-2.214681e-002
-1.698000000000011e+000	-2.214730e-002
-1.697000000000011e+000	-2.220142e-002
-1.696000000000012e+000	-2.214828e-002
-1.695000000000012e+000	-2.214877e-002
-1.694000000000012e+000	-2.220289e-002
-1.693000000000012e+000	-2.220338e-002
-1.692000000000012e+000	-2.215024e-002
-1.691000000000012e+000	-2.215073e-002
-1.690000000000012e+000	-2.220486e-002
-1.689000000000012e+000	-2.220535e-002
-1.688000000000012e+000	-2.220585e-002
-1.687000000000013e+000	-2.220634e-002
-1.686000000000013e+000	-2.220683e-002
-1.685000000000013e+000	-2.220733e-002
-1.684000000000013e+000	-2.220782e-002
-1.683000000000013e+000	-2.226196e-002
-1.682000000000013e+000	-2.226245e-002
-1.681000000000013e+000	-2.220930e-002
-1.680000000000013e+000	-2.220980e-002
-1.679000000000013e+000	-2.226394e-002
-1.678000000000014e+000	-2.226443e-002
-1.677000000000014e+000	-2.221128e-002
-1.676000000000014e+000	-2.226542e-002
-1.675000000000014e+000	-2.226592e-002
-1.674000000000014e+000	-2.226641e-002
-1.673000000000014e+000	-2.226691e-002
-1.672000000000014e+000	-2.226741e-002
-1.671000000000014e+000	-2.226790e-002
-1.670000000000014e+000	-2.226840e-002
-1.669000000000015e+000	-2.226889e-002
-1.668000000000015e+000	-2.226939e-002
-1.667000000000015e+000	-2.232355e-002
-1.666000000000015e+000	-2.232405e-002
-1.665000000000015e+000	-2.227088e-002
-1.664000000000015e+000	-2.227138e-002
-1.663000000000015e+000	-2.232554e-002
-1.662000000000015e+000	-2.232604e-002
-1.661000000000015e+000	-2.232654e-002
-1.660000000000016e+000	-2.232704e-002
-1.659000000000016e+000	-2.232753e-002
-1.658000000000016e+000	-2.232803e-002
-1.657000000000016e+000	-2.232853e-002
-1.656000000000016e+000	-2.232903e-002
-1.655000000000016e+000	-2.232953e-002
-1.654000000000016e+000	-2.238370e-002
-1.653000000000016e+000	-2.238421e-002
-1.652000000000016e+000	-2.233103e-002
-1.651000000000017e+000	-2.233153e-002
-1.650000000000017e+000	-2.238571e-002
-1.649000000000017e+000	-2.238621e-002
-1.648000000000017e+000	-2.238671e-002
-1.647000000000017e+000	-2.238721e-002
-1.646000000000017e+000	-2.238771e-002
-1.645000000000017e+000	-2.238821e-002
-1.644000000000017e+000	-2.238871e-002
-1.643000000000017e+000	-2.238922e-002
-1.642000000000017e+000	-2.238972e-002
-1.641000000000018e+000	-2.244391e-002
-1.640000000000018e+000	-2.239072e-002
-1.639000000000018e+000	-2.239122e-002
-1.638000000000018e+000	-2.244542e-002
-1.637000000000018e+000	-2.244592e-002
-1.636000000000018e+000	-2.244643e-002
-1.635000000000018e+000	-2.244693e-002
-1.634000000000018e+000	-2.244744e-002
-1.633000000000018e+000	-2.244794e-002
-1.632000000000019e+000	-2.244844e-002
-1.631000000000019e+000	-2.244895e-002
-1.630000000000019e+000	-2.244945e-002
-1.629000000000019e+000	-2.244996e-002
-1.628000000000019e+000	-2.245046e-002
-1.627000000000019e+000	-2.250467e-002
-1.626000000000019e+000	-2.250518e-002
-1.625000000000019e+000	-2.245197e-002
-1.624000000000019e+000	-2.250619e-002
-1.623000000000020e+000	-2.250670e-002
-1.622000000000020e+000	-2.250721e-002
-1.621000000000020e+000	-2.250771e-002
-1.620000000000020e+000	-2.250822e-002
-1.619000000000020e+000	-2.250873e-002
-1.618000000000020e+000	-2.250923e-002
-1.617000000000020e+000	-2.256346e-002
-1.616000000000020e+000	-2.251025e-002
-1.615000000000020e+000	-2.251075e-002
-1.614000000000021e+000	-2.256499e-002
-1.613000000000021e+000	-2.256550e-002
-1.612000000000021e+000	-2.256601e-002
-1.611000000000021e+000	-2.256652e-002
-1.610000000000021e+000	-2.251329e-002
-1.609000000000021e+000	-2.251380e-002
-1.608000000000021e+000	-2.262177e-002
-1.607000000000021e+000	-2.262229e-002
-1.606000000000021e+000	-2.256906e-002
-1.605000000000022e+000	-2.256957e-002
-1.604000000000022e+000	-2.257008e-002
-1.603000000000022e+000	-2.257059e-002
-1.602000000000022e+000	-2.262484e-002
-1.601000000000022e+000	-2.262535e-002
-1.600000000000022e+000	-2.257212e-002
-1.599000000000022e+000	-2.262638e-002
-1.598000000000022e+000	-2.262689e-002
-1.597000000000022e+000	-2.262740e-002
-1.596000000000023e+000	-2.262791e-002
-1.595000000000023e+000	-2.262842e-002
-1.594000000000023e+000	-2.268269e-002
-1.593000000000023e+000	-2.262945e-002
-1.592000000000023e+000	-2.262996e-002
-1.591000000000023e+000	-2.268423e-002
-1.590000000000023e+000	-2.268474e-002
-1.589000000000023e+000	-2.268526e-002
-1.588000000000023e+000	-2.268577e-002
-1.587000000000024e+000	-2.263253e-002
-1.586000000000024e+000	-2.263304e-002
-1.585000000000024e+000	-2.274107e-002
-1.584000000000024e+000	-2.274159e-002
-1.583000000000024e+000	-2.268835e-002
-1.582000000000024e+000	-2.268886e-002
-1.581000000000024e+000	-2.268937e-002
-1.580000000000024e+000	-2.268989e-002
-1.579000000000024e+000	-2.274417e-002
-1.578000000000025e+000	-2.274469e-002
-1.577000000000025e+000	-2.274521e-002
-1.576000000000025e+000	-2.274573e-002
-1.575000000000025e+000	-2.274624e-002
-1.574000000000025e+000	-2.274676e-002
-1.573000000000025e+000	-2.274728e-002
-1.572000000000025e+000	-2.274780e-002
-1.571000000000025e+000	-2.274831e-002
-1.570000000000025e+000	-2.280261e-002
-1.569000000000026e+000	-2.280313e-002
-1.568000000000026e+000	-2.274987e-002
-1.567000000000026e+000	-2.275038e-002
-1.566000000000026e+000	-2.280469e-002
-1.565000000000026e+000	-2.280521e-002
-1.564000000000026e+000	-2.280573e-002
-1.563000000000026e+000	-2.280625e-002
-1.562000000000026e+000	-2.280677e-002
-1.561000000000026e+000	-2.280729e-002
-1.560000000000027e+000	-2.286160e-002
-1.559000000000027e+000	-2.286213e-002
-1.558000000000027e+000	-2.280885e-002
-1.557000000000027e+000	-2.286317e-002
-1.556000000000027e+000	-2.286369e-002
-1.555000000000027e+000	-2.281042e-002
-1.554000000000027e+000	-2.286474e-002
-1.553000000000027e+000	-2.286526e-002
-1.552000000000027e+000	-2.286578e-002
-1.551000000000028e+000	-2.292011e-002
-1.550000000000028e+000	-2.286683e-002
-1.549000000000028e+000	-2.286735e-002
-1.548000000000028e+000	-2.292168e-002
-1.547000000000028e+000	-2.292221e-002
-1.546000000000028e+000	-2.292273e-002
-1.545000000000028e+000	-2.292326e-002
-1.544000000000028e+000	-2.292378e-002
-1.543000000000028e+000	-2.292431e-002
-1.542000000000029e+000	-2.292483e-002
-1.541000000000029e+000	-2.292536e-002
-1.540000000000029e+000	-2.292589e-002
-1.539000000000029e+000	-2.292641e-002
-1.538000000000029e+000	-2.298076e-002
-1.537000000000029e+000	-2.298129e-002
-1.536000000000029e+000	-2.292799e-002
-1.535000000000029e+000	-2.298234e-002
-1.534000000000029e+000	-2.298287e-002
-1.533000000000030e+000	-2.298340e-002
-1.532000000000030e+000	-2.298392e-002
-1.531000000000030e+000	-2.298445e-002
-1.530000000000030e+000	-2.303881e-002
-1.529000000000030e+000	-2.298551e-002
-1.528000000000030e+000	-2.298604e-002
-1.527000000000030e+000	-2.304040e-002
-1.526000000000030e+000	-2.304093e-002
-1.525000000000030e+000	-2.304146e-002
-1.524000000000030e+000	-2.304199e-002
-1.523000000000031e+000	-2.304252e-002
-1.522000000000031e+000	-2.304306e-002
-1.521000000000031e+000	-2.304359e-002
-1.520000000000031e+000	-2.304412e-002
-1.519000000000031e+000	-2.309849e-002
-1.518000000000031e+000	-2.309903e-002
-1.517000000000031e+000	-2.304571e-002
-1.516000000000031e+000	-2.310009e-002
-1.515000000000031e+000	-2.310063e-002
-1.514000000000032e+000	-2.310116e-002
-1.513000000000032e+000	-2.310169e-002
-1.512000000000032e+000	-2.310222e-002
-1.511000000000032e+000	-2.315661e-002
-1.510000000000032e+000	-2.310329e-002
-1.509000000000032e+000	-2.310383e-002
-1.508000000000032e+000	-2.315822e-002
-1.507000000000032e+000	-2.315876e-002
-1.506000000000032e+000	-2.315929e-002
-1.505000000000033e+000	-2.315983e-002
-1.504000000000033e+000	-2.316036e-002
-1.503000000000033e+000	-2.316090e-002
-1.502000000000033e+000	-2.316144e-002
-1.501000000000033e+000	-2.316197e-002
-1.500000000000033e+000	-2.321638e-002
-1.499000000000033e+000	-2.321692e-002
-1.498000000000033e+000	-2.316359e-002
-1.497000000000033e+000	-2.321799e-002
-1.496000000000034e+000	-2.321853e-002
-1.495000000000034e+000	-2.321907e-002
-1.494000000000034e+000	-2.327348e-002
-1.493000000000034e+000	-2.322015e-002
-1.492000000000034e+000	-2.322069e-002
-1.491000000000034e+000	-2.327511e-002
-1.490000000000034e+000	-2.327565e-002
-1.489000000000034e+000	-2.322231e-002
-1.488000000000034e+000	-2.322285e-002
-1.487000000000035e+000	-2.327727e-002
-1.486000000000035e+000	-2.333170e-002
-1.485000000000035e+000	-2.333224e-002
-1.484000000000035e+000	-2.327890e-002
-1.483000000000035e+000	-2.327944e-002
-1.482000000000035e+000	-2.327998e-002
-1.481000000000035e+000	-2.333442e-002
-1.480000000000035e+000	-2.333496e-002
-1.479000000000035e+000	-2.333550e-002
-1.478000000000036e+000	-2.333605e-002
-1.477000000000036e+000	-2.333659e-002
-1.476000000000036e+000	-2.333714e-002
-1.475000000000036e+000	-2.333768e-002
-1.474000000000036e+000	-2.339213e-002
-1.473000000000036e+000	-2.339268e-002
-1.472000000000036e+000	-2.333932e-002
-1.471000000000036e+000	-2.333986e-002
-1.470000000000036e+000	-2.339431e-002
-1.469000000000037e+000	-2.339486e-002
-1.468000000000037e+000	-2.344932e-002
-1.467000000000037e+000	-2.344987e-002
-1.466000000000037e+000	-2.339651e-002
-1.465000000000037e+000	-2.339705e-002
-1.464000000000037e+000	-2.345151e-002
-1.463000000000037e+000	-2.345206e-002
-1.462000000000037e+000	-2.345261e-002
-1.461000000000037e+000	-2.345316e-002
-1.460000000000038e+000	-2.345371e-002
-1.459000000000038e+000	-2.345426e-002
-1.458000000000038e+000	-2.345481e-002
-1.457000000000038e+000	-2.350928e-002
-1.456000000000038e+000	-2.350984e-002
-1.455000000000038e+000	-2.351039e-002
-1.454000000000038e+000	-2.351094e-002
-1.453000000000038e+000	-2.351150e-002
-1.452000000000038e+000	-2.351205e-002
-1.451000000000039e+000	-2.351260e-002
-1.450000000000039e+000	-2.351315e-002
-1.449000000000039e+000	-2.351371e-002
-1.448000000000039e+000	-2.356819e-002
-1.447000000000039e+000	-2.356875e-002
-1.446000000000039e+000	-2.351537e-002
-1.445000000000039e+000	-2.356986e-002
-1.444000000000039e+000	-2.362435e-002
-1.443000000000039e+000	-2.357097e-002
-1.442000000000040e+000	-2.357153e-002
-1.441000000000040e+000	-2.362602e-002
-1.440000000000040e+000	-2.362658e-002
-1.439000000000040e+000	-2.357320e-002
-1.438000000000040e+000	-2.357375e-002
-1.437000000000040e+000	-2.362825e-002
-1.436000000000040e+000	-2.368276e-002
-1.435000000000040e+000	-2.368332e-002
-1.434000000000040e+000	-2.362993e-002
-1.433000000000041e+000	-2.363049e-002
-1.432000000000041e+000	-2.368500e-002
-1.431000000000041e+000	-2.368556e-002
-1.430000000000041e+000	-2.363217e-002
-1.429000000000041e+000	-2.368668e-002
-1.428000000000041e+000	-2.374120e-002
-1.427000000000041e+000	-2.368781e-002
-1.426000000000041e+000	-2.368837e-002
-1.425000000000041e+000	-2.374289e-002
-1.424000000000042e+000	-2.374345e-002
-1.423000000000042e+000	-2.374402e-002
-1.422000000000042e+000	-2.374458e-002
-1.421000000000042e+000	-2.374514e-002
-1.420000000000042e+000	-2.374571e-002
-1.419000000000042e+000	-2.374627e-002
-1.418000000000042e+000	-2.374684e-002
-1.417000000000042e+000	-2.380137e-002
-1.416000000000042e+000	-2.380194e-002
-1.415000000000042e+000	-2.380250e-002
-1.414000000000043e+000	-2.380307e-002
-1.413000000000043e+000	-2.380364e-002
-1.412000000000043e+000	-2.380421e-002
-1.411000000000043e+000	-2.380477e-002
-1.410000000000043e+000	-2.385932e-002
-1.409000000000043e+000	-2.385989e-002
-1.408000000000043e+000	-2.386046e-002
-1.407000000000043e+000	-2.386103e-002
-1.406000000000043e+000	-2.386160e-002
-1.405000000000044e+000	-2.386217e-002
-1.404000000000044e+000	-2.386274e-002
-1.403000000000044e+000	-2.391729e-002
-1.402000000000044e+000	-2.391787e-002
-1.401000000000044e+000	-2.391844e-002
-1.400000000000044e+000	-2.391901e-002
-1.399000000000044e+000	-2.391958e-002
-1.398000000000044e+000	-2.392016e-002
-1.397000000000044e+000	-2.392073e-002
-1.396000000000045e+000	-2.397530e-002
-1.395000000000045e+000	-2.397587e-002
-1.394000000000045e+000	-2.397645e-002
-1.393000000000045e+000	-2.397702e-002
-1.392000000000045e+000	-2.397760e-002
-1.391000000000045e+000	-2.397817e-002
-1.390000000000045e+000	-2.397875e-002
-1.389000000000045e+000	-2.397932e-002
-1.388000000000045e+000	-2.403391e-002
-1.387000000000046e+000	-2.403449e-002
-1.386000000000046e+000	-2.403506e-002
-1.385000000000046e+000	-2.403564e-002
-1.384000000000046e+000	-2.403622e-002
-1.383000000000046e+000	-2.409081e-002
-1.382000000000046e+000	-2.409139e-002
-1.381000000000046e+000	-2.403796e-002
-1.380000000000046e+000	-2.403853e-002
-1.379000000000046e+000	-2.409313e-002
-1.378000000000047e+000	-2.409371e-002
-1.377000000000047e+000	-2.414832e-002
-1.376000000000047e+000	-2.414890e-002
-1.375000000000047e+000	-2.409546e-002
-1.374000000000047e+000	-2.415006e-002
-1.373000000000047e+000	-2.415065e-002
-1.372000000000047e+000	-2.415123e-002
-1.371000000000047e+000	-2.415181e-002
-1.370000000000047e+000	-2.415240e-002
-1.369000000000048e+000	-2.420701e-002
-1.368000000000048e+000	-2.420760e-002
-1.367000000000048e+000	-2.420819e-002
-1.366000000000048e+000	-2.420877e-002
-1.365000000000048e+000	-2.420936e-002
-1.364000000000048e+000	-2.420995e-002
-1.363000000000048e+000	-2.421053e-002
-1.362000000000048e+000	-2.421112e-002
-1.361000000000048e+000	-2.426575e-002
-1.360000000000049e+000	-2.426634e-002
-1.359000000000049e+000	-2.426693e-002
-1.358000000000049e+000	-2.432156e-002
-1.357000000000049e+000	-2.426811e-002
-1.356000000000049e+000	-2.426869e-002
-1.355000000000049e+000	-2.432334e-002
-1.354000000000049e+000	-2.432393e-002
-1.353000000000049e+000	-2.432452e-002
-1.352000000000049e+000	-2.432511e-002
-1.351000000000050e+000	-2.432570e-002
-1.350000000000050e+000	-2.432629e-002
-1.349000000000050e+000	-2.438095e-002
-1.348000000000050e+000	-2.438154e-002
-1.347000000000050e+000	-2.438213e-002
-1.346000000000050e+000	-2.438273e-002
-1.345000000000050e+000	-2.438332e-002
-1.344000000000050e+000	-2.443799e-002
-1.343000000000050e+000	-2.438452e-002
-1.342000000000051e+000	-2.438511e-002
-1.341000000000051e+000	-2.443977e-002
-1.340000000000051e+000	-2.444037e-002
-1.339000000000051e+000	-2.449504e-002
-1.338000000000051e+000	-2.449564e-002
-1.337000000000051e+000	-2.444217e-002
-1.336000000000051e+000	-2.449684e-002
-1.335000000000051e+000	-2.449744e-002
-1.334000000000051e+000	-2.449804e-002
-1.333000000000052e+000	-2.449864e-002
-1.332000000000052e+000	-2.449924e-002
-1.331000000000052e+000	-2.455393e-002
-1.330000000000052e+000	-2.455453e-002
-1.329000000000052e+000	-2.455513e-002
-1.328000000000052e+000	-2.455574e-002
-1.327000000000052e+000	-2.455634e-002
-1.326000000000052e+000	-2.455694e-002
-1.325000000000052e+000	-2.461164e-002
-1.324000000000053e+000	-2.461224e-002
-1.323000000000053e+000	-2.455875e-002
-1.322000000000053e+000	-2.461345e-002
-1.321000000000053e+000	-2.466816e-002
-1.320000000000053e+000	-2.461467e-002
-1.319000000000053e+000	-2.461527e-002
-1.318000000000053e+000	-2.466998e-002
-1.317000000000053e+000	-2.467059e-002
-1.316000000000053e+000	-2.467120e-002
-1.315000000000054e+000	-2.472591e-002
-1.314000000000054e+000	-2.472652e-002
-1.313000000000054e+000	-2.467303e-002
-1.312000000000054e+000	-2.472774e-002
-1.311000000000054e+000	-2.472836e-002
-1.310000000000054e+000	-2.472897e-002
-1.309000000000054e+000	-2.478369e-002
-1.308000000000054e+000	-2.473019e-002
-1.307000000000054e+000	-2.473080e-002
-1.306000000000055e+000	-2.478553e-002
-1.305000000000055e+000	-2.478615e-002
-1.304000000000055e+000	-2.484088e-002
-1.303000000000055e+000	-2.484150e-002
-1.302000000000055e+000	-2.478799e-002
-1.301000000000055e+000	-2.484273e-002
-1.300000000000055e+000	-2.484335e-002
-1.299000000000055e+000	-2.484396e-002
-1.298000000000055e+000	-2.484458e-002
-1.297000000000055e+000	-2.484520e-002
-1.296000000000056e+000	-2.489995e-002
-1.295000000000056e+000	-2.490057e-002
-1.294000000000056e+000	-2.490119e-002
-1.293000000000056e+000	-2.490181e-002
-1.292000000000056e+000	-2.495656e-002
-1.291000000000056e+000	-2.495719e-002
-1.290000000000056e+000	-2.495781e-002
-1.289000000000056e+000	-2.495843e-002
-1.288000000000056e+000	-2.495906e-002
-1.287000000000057e+000	-2.495968e-002
-1.286000000000057e+000	-2.496030e-002
-1.285000000000057e+000	-2.501507e-002
-1.284000000000057e+000	-2.501570e-002
-1.283000000000057e+000	-2.501632e-002
-1.282000000000057e+000	-2.507110e-002
-1.281000000000057e+000	-2.507173e-002
-1.280000000000057e+000	-2.501820e-002
-1.279000000000057e+000	-2.507298e-002
-1.278000000000058e+000	-2.507361e-002
-1.277000000000058e+000	-2.507424e-002
-1.276000000000058e+000	-2.512903e-002
-1.275000000000058e+000	-2.512966e-002
-1.274000000000058e+000	-2.513029e-002
-1.273000000000058e+000	-2.513092e-002
-1.272000000000058e+000	-2.513155e-002
-1.271000000000058e+000	-2.513219e-002
-1.270000000000058e+000	-2.518698e-002
-1.269000000000059e+000	-2.518762e-002
-1.268000000000059e+000	-2.518825e-002
-1.267000000000059e+000	-2.518889e-002
-1.266000000000059e+000	-2.518952e-002
-1.265000000000059e+000	-2.524433e-002
-1.264000000000059e+000	-2.524497e-002
-1.263000000000059e+000	-2.524560e-002
-1.262000000000059e+000	-2.524624e-002
-1.261000000000059e+000	-2.530106e-002
-1.260000000000060e+000	-2.530170e-002
-1.259000000000060e+000	-2.530234e-002
-1.258000000000060e+000	-2.530298e-002
-1.257000000000060e+000	-2.530362e-002
-1.256000000000060e+000	-2.535844e-002
-1.255000000000060e+000	-2.535909e-002
-1.254000000000060e+000	-2.535973e-002
-1.253000000000060e+000	-2.536037e-002
-1.252000000000060e+000	-2.536102e-002
-1.251000000000061e+000	-2.536166e-002
-1.250000000000061e+000	-2.541649e-002
-1.249000000000061e+000	-2.541714e-002
-1.248000000000061e+000	-2.541779e-002
-1.247000000000061e+000	-2.547263e-002
-1.246000000000061e+000	-2.541908e-002
-1.245000000000061e+000	-2.541973e-002
-1.244000000000061e+000	-2.547458e-002
-1.243000000000061e+000	-2.552943e-002
-1.242000000000062e+000	-2.553008e-002
-1.241000000000062e+000	-2.547652e-002
-1.240000000000062e+000	-2.553138e-002
-1.239000000000062e+000	-2.553203e-002
-1.238000000000062e+000	-2.553268e-002
-1.237000000000062e+000	-2.558755e-002
-1.236000000000062e+000	-2.558820e-002
-1.235000000000062e+000	-2.558886e-002
-1.234000000000062e+000	-2.558951e-002
-1.233000000000063e+000	-2.559017e-002
-1.232000000000063e+000	-2.559082e-002
-1.231000000000063e+000	-2.564570e-002
-1.230000000000063e+000	-2.570058e-002
-1.229000000000063e+000	-2.564702e-002
-1.228000000000063e+000	-2.564767e-002
-1.227000000000063e+000	-2.570256e-002
-1.226000000000063e+000	-2.570322e-002
-1.225000000000063e+000	-2.570388e-002
-1.224000000000064e+000	-2.570454e-002
-1.223000000000064e+000	-2.575943e-002
-1.222000000000064e+000	-2.576009e-002
-1.221000000000064e+000	-2.576076e-002
-1.220000000000064e+000	-2.576142e-002
-1.219000000000064e+000	-2.576208e-002
-1.218000000000064e+000	-2.581699e-002
-1.217000000000064e+000	-2.581765e-002
-1.216000000000064e+000	-2.581832e-002
-1.215000000000065e+000	-2.587323e-002
-1.214000000000065e+000	-2.587390e-002
-1.213000000000065e+000	-2.587457e-002
-1.212000000000065e+000	-2.587524e-002
-1.211000000000065e+000	-2.587590e-002
-1.210000000000065e+000	-2.593082e-002
-1.209000000000065e+000	-2.593150e-002
-1.208000000000065e+000	-2.593217e-002
-1.207000000000065e+000	-2.593284e-002
-1.206000000000066e+000	-2.598777e-002
-1.205000000000066e+000	-2.598845e-002
-1.204000000000066e+000	-2.598912e-002
-1.203000000000066e+000	-2.598980e-002
-1.202000000000066e+000	-2.599047e-002
-1.201000000000066e+000	-2.604541e-002
-1.200000000000066e+000	-2.604609e-002
-1.199000000000066e+000	-2.604677e-002
-1.198000000000066e+000	-2.610171e-002
-1.197000000000067e+000	-2.610239e-002
-1.196000000000067e+000	-2.610307e-002
-1.195000000000067e+000	-2.610375e-002
-1.194000000000067e+000	-2.610443e-002
-1.193000000000067e+000	-2.615939e-002
-1.192000000000067e+000	-2.616007e-002
-1.191000000000067e+000	-2.616076e-002
-1.190000000000067e+000	-2.616144e-002
-1.189000000000067e+000	-2.621641e-002
-1.188000000000067e+000	-2.621709e-002
-1.187000000000068e+000	-2.621778e-002
-1.186000000000068e+000	-2.627275e-002
-1.185000000000068e+000	-2.627344e-002
-1.184000000000068e+000	-2.627413e-002
-1.183000000000068e+000	-2.627482e-002
-1.182000000000068e+000	-2.627551e-002
-1.181000000000068e+000	-2.633049e-002
-1.180000000000068e+000	-2.633119e-002
-1.179000000000068e+000	-2.633188e-002
-1.178000000000069e+000	-2.638687e-002
-1.177000000000069e+000	-2.638757e-002
-1.176000000000069e+000	-2.638826e-002
-1.175000000000069e+000	-2.638896e-002
-1.174000000000069e+000	-2.638965e-002
-1.173000000000069e+000	-2.644465e-002
-1.172000000000069e+000	-2.644535e-002
-1.171000000000069e+000	-2.644605e-002
-1.170000000000069e+000	-2.650106e-002
-1.169000000000070e+000	-2.650176e-002
-1.168000000000070e+000	-2.650246e-002
-1.167000000000070e+000	-2.650316e-002
-1.166000000000070e+000	-2.655818e-002
-1.165000000000070e+000	-2.655888e-002
-1.164000000000070e+000	-2.655959e-002
-1.163000000000070e+000	-2.661461e-002
-1.162000000000070e+000	-2.661532e-002
-1.161000000000070e+000	-2.661603e-002
-1.160000000000071e+000	-2.661674e-002
-1.159000000000071e+000	-2.661744e-002
-1.158000000000071e+000	-2.667248e-002
-1.157000000000071e+000	-2.667319e-002
-1.156000000000071e+000	-2.667390e-002
-1.155000000000071e+000	-2.672894e-002
-1.154000000000071e+000	-2.672965e-002
-1.153000000000071e+000	-2.673037e-002
-1.152000000000071e+000	-2.678541e-002
-1.151000000000072e+000	-2.678613e-002
-1.150000000000072e+000	-2.678685e-002
-1.149000000000072e+000	-2.678757e-002
-1.148000000000072e+000	-2.678828e-002
-1.147000000000072e+000	-2.684334e-002
-1.146000000000072e+000	-2.684406e-002
-1.145000000000072e+000	-2.689912e-002
-1.144000000000072e+000	-2.689985e-002
-1.143000000000072e+000	-2.690057e-002
-1.142000000000073e+000	-2.695564e-002
-1.141000000000073e+000	-2.690202e-002
-1.140000000000073e+000	-2.690274e-002
-1.139000000000073e+000	-2.701217e-002
-1.138000000000073e+000	-2.701290e-002
-1.137000000000073e+000	-2.695928e-002
-1.136000000000073e+000	-2.701436e-002
-1.135000000000073e+000	-2.706945e-002
-1.134000000000073e+000	-2.707018e-002
-1.133000000000074e+000	-2.707091e-002
-1.132000000000074e+000	-2.707164e-002
-1.131000000000074e+000	-2.707238e-002
-1.130000000000074e+000	-2.712747e-002
-1.129000000000074e+000	-2.718258e-002
-1.128000000000074e+000	-2.712895e-002
-1.127000000000074e+000	-2.712968e-002
-1.126000000000074e+000	-2.718479e-002
-1.125000000000074e+000	-2.723990e-002
-1.124000000000075e+000	-2.724064e-002
-1.123000000000075e+000	-2.724138e-002
-1.122000000000075e+000	-2.724213e-002
-1.121000000000075e+000	-2.724287e-002
-1.120000000000075e+000	-2.729799e-002
-1.119000000000075e+000	-2.735312e-002
-1.118000000000075e+000	-2.735387e-002
-1.117000000000075e+000	-2.730023e-002
-1.116000000000075e+000	-2.735536e-002
-1.115000000000076e+000	-2.741049e-002
-1.114000000000076e+000	-2.741125e-002
-1.113000000000076e+000	-2.741200e-002
-1.112000000000076e+000	-2.741275e-002
-1.111000000000076e+000	-2.746789e-002
-1.110000000000076e+000	-2.746865e-002
-1.109000000000076e+000	-2.746940e-002
-1.108000000000076e+000	-2.752455e-002
-1.107000000000076e+000	-2.752531e-002
-1.106000000000077e+000	-2.758047e-002
-1.105000000000077e+000	-2.758123e-002
-1.104000000000077e+000	-2.758199e-002
-1.103000000000077e+000	-2.758275e-002
-1.102000000000077e+000	-2.758351e-002
-1.101000000000077e+000	-2.763868e-002
-1.100000000000077e+000	-2.769385e-002
-1.099000000000077e+000	-2.769462e-002
-1.098000000000077e+000	-2.769539e-002
-1.097000000000078e+000	-2.769616e-002
-1.096000000000078e+000	-2.769692e-002
-1.095000000000078e+000	-2.775211e-002
-1.094000000000078e+000	-2.780729e-002
-1.093000000000078e+000	-2.780807e-002
-1.092000000000078e+000	-2.780884e-002
-1.091000000000078e+000	-2.780961e-002
-1.090000000000078e+000	-2.781039e-002
-1.089000000000078e+000	-2.792001e-002
-1.088000000000079e+000	-2.792079e-002
-1.087000000000079e+000	-2.786714e-002
-1.086000000000079e+000	-2.792235e-002
-1.085000000000079e+000	-2.797756e-002
-1.084000000000079e+000	-2.797834e-002
-1.083000000000079e+000	-2.797913e-002
-1.082000000000079e+000	-2.797991e-002
-1.081000000000079e+000	-2.803513e-002
-1.080000000000079e+000	-2.803592e-002
-1.079000000000080e+000	-2.803670e-002
-1.078000000000080e+000	-2.809193e-002
-1.077000000000080e+000	-2.814716e-002
-1.076000000000080e+000	-2.814796e-002
-1.075000000000080e+000	-2.814875e-002
-1.074000000000080e+000	-2.814954e-002
-1.073000000000080e+000	-2.815033e-002
-1.072000000000080e+000	-2.820558e-002
-1.071000000000080e+000	-2.826083e-002
-1.070000000000080e+000	-2.826163e-002
-1.069000000000081e+000	-2.826242e-002
-1.068000000000081e+000	-2.831768e-002
-1.067000000000081e+000	-2.831848e-002
-1.066000000000081e+000	-2.831928e-002
-1.065000000000081e+000	-2.832009e-002
-1.064000000000081e+000	-2.837535e-002
-1.063000000000081e+000	-2.843062e-002
-1.062000000000081e+000	-2.843143e-002
-1.061000000000081e+000	-2.843224e-002
-1.060000000000082e+000	-2.843305e-002
-1.059000000000082e+000	-2.848833e-002
-1.058000000000082e+000	-2.854361e-002
-1.057000000000082e+000	-2.854443e-002
-1.056000000000082e+000	-2.854524e-002
-1.055000000000082e+000	-2.854606e-002
-1.054000000000082e+000	-2.860135e-002
-1.053000000000082e+000	-2.860217e-002
-1.052000000000082e+000	-2.860299e-002
-1.051000000000083e+000	-2.865829e-002
-1.050000000000083e+000	-2.871360e-002
-1.049000000000083e+000	-2.871442e-002
-1.048000000000083e+000	-2.871525e-002
-1.047000000000083e+000	-2.877056e-002
-1.046000000000083e+000	-2.877139e-002
-1.045000000000083e+000	-2.877222e-002
-1.044000000000083e+000	-2.882754e-002
-1.043000000000083e+000	-2.882837e-002
-1.042000000000084e+000	-2.882920e-002
-1.041000000000084e+000	-2.888453e-002
-1.040000000000084e+000	-2.893987e-002
-1.039000000000084e+000	-2.894071e-002
-1.038000000000084e+000	-2.894154e-002
-1.037000000000084e+000	-2.899689e-002
-1.036000000000084e+000	-2.899773e-002
-1.035000000000084e+000	-2.899857e-002
-1.034000000000084e+000	-2.905392e-002
-1.033000000000085e+000	-2.910928e-002
-1.032000000000085e+000	-2.911013e-002
-1.031000000000085e+000	-2.911097e-002
-1.030000000000085e+000	-2.911182e-002
-1.029000000000085e+000	-2.916719e-002
-1.028000000000085e+000	-2.922256e-002
-1.027000000000085e+000	-2.922341e-002
-1.026000000000085e+000	-2.922427e-002
-1.025000000000085e+000	-2.922512e-002
-1.024000000000086e+000	-2.928050e-002
-1.023000000000086e+000	-2.933589e-002
-1.022000000000086e+000	-2.933675e-002
-1.021000000000086e+000	-2.933761e-002
-1.020000000000086e+000	-2.939300e-002
-1.019000000000086e+000	-2.944840e-002
-1.018000000000086e+000	-2.944927e-002
-1.017000000000086e+000	-2.945014e-002
-1.016000000000086e+000	-2.945100e-002
-1.015000000000087e+000	-2.950641e-002
-1.014000000000087e+000	-2.956183e-002
-1.013000000000087e+000	-2.956270e-002
-1.012000000000087e+000	-2.956357e-002
-1.011000000000087e+000	-2.961899e-002
-1.010000000000087e+000	-2.967442e-002
-1.009000000000087e+000	-2.967530e-002
-1.008000000000087e+000	-2.967618e-002
-1.007000000000087e+000	-2.967706e-002
-1.006000000000088e+000	-2.973250e-002
-1.005000000000088e+000	-2.978794e-002
-1.004000000000088e+000	-2.978883e-002
-1.003000000000088e+000	-2.984428e-002
-1.002000000000088e+000	-2.984517e-002
-1.001000000000088e+000	-2.984606e-002
-1.000000000000088e+000	-2.990152e-002
-9.990000000000882e-001	-2.995698e-002
-9.980000000000882e-001	-2.995788e-002
-9.970000000000882e-001	-2.995877e-002
-9.960000000000882e-001	-3.001424e-002
-9.950000000000882e-001	-3.001514e-002
-9.940000000000882e-001	-3.007062e-002
-9.930000000000882e-001	-3.012610e-002
-9.920000000000881e-001	-3.012701e-002
-9.910000000000881e-001	-3.012792e-002
-9.900000000000881e-001	-3.018340e-002
-9.890000000000881e-001	-3.018432e-002
-9.880000000000881e-001	-3.018523e-002
-9.870000000000881e-001	-3.029531e-002
-9.860000000000881e-001	-3.029623e-002
-9.850000000000881e-001	-3.029715e-002
-9.840000000000881e-001	-3.035266e-002
-9.830000000000881e-001	-3.035358e-002
-9.820000000000881e-001	-3.040910e-002
-9.810000000000881e-001	-3.041002e-002
-9.800000000000881e-001	-3.046554e-002
-9.790000000000881e-001	-3.052107e-002
-9.780000000000881e-001	-3.046740e-002
-9.770000000000881e-001	-3.052293e-002
-9.760000000000881e-001	-3.057847e-002
-9.750000000000881e-001	-3.063401e-002
-9.740000000000881e-001	-3.063495e-002
-9.730000000000881e-001	-3.063589e-002
-9.720000000000881e-001	-3.069144e-002
-9.710000000000881e-001	-3.069238e-002
-9.700000000000881e-001	-3.074794e-002
-9.690000000000881e-001	-3.080350e-002
-9.680000000000881e-001	-3.080445e-002
-9.670000000000881e-001	-3.086002e-002
-9.660000000000881e-001	-3.086097e-002
-9.650000000000881e-001	-3.086192e-002
-9.640000000000881e-001	-3.097213e-002
-9.630000000000881e-001	-3.097309e-002
-9.620000000000881e-001	-3.097405e-002
-9.610000000000881e-001	-3.102964e-002
-9.600000000000881e-001	-3.103060e-002
-9.590000000000881e-001	-3.108620e-002
-9.580000000000881e-001	-3.114180e-002
-9.570000000000881e-001	-3.114277e-002
-9.560000000000881e-001	-3.119838e-002
-9.550000000000881e-001	-3.119935e-002
-9.540000000000881e-001	-3.120032e-002
-9.530000000000881e-001	-3.131059e-002
-9.520000000000881e-001	-3.131157e-002
-9.510000000000881e-001	-3.131255e-002
-9.500000000000881e-001	-3.136818e-002
-9.490000000000881e-001	-3.142381e-002
-9.480000000000881e-001	-3.147945e-002
-9.470000000000881e-001	-3.148044e-002
-9.460000000000881e-001	-3.148143e-002
-9.450000000000881e-001	-3.153708e-002
-9.440000000000881e-001	-3.159274e-002
-9.430000000000881e-001	-3.159374e-002
-9.420000000000881e-001	-3.159473e-002
-9.410000000000881e-001	-3.165040e-002
-9.400000000000881e-001	-3.170607e-002
-9.390000000000881e-001	-3.176174e-002
-9.380000000000881e-001	-3.176275e-002
-9.370000000000881e-001	-3.176376e-002
-9.360000000000881e-001	-3.187411e-002
-9.350000000000881e-001	-3.187513e-002
-9.340000000000881e-001	-3.187614e-002
-9.330000000000881e-001	-3.198652e-002
-9.320000000000881e-001	-3.198754e-002
-9.310000000000881e-001	-3.198856e-002
-9.300000000000881e-001	-3.204427e-002
-9.290000000000881e-001	-3.209998e-002
-9.280000000000881e-001	-3.215570e-002
-9.270000000000881e-001	-3.215674e-002
-9.260000000000881e-001	-3.215777e-002
-9.250000000000881e-001	-3.221350e-002
-9.240000000000881e-001	-3.226923e-002
-9.230000000000881e-001	-3.232497e-002
-9.220000000000881e-001	-3.232601e-002
-9.210000000000881e-001	-3.232706e-002
-9.200000000000881e-001	-3.243750e-002
-9.190000000000881e-001	-3.243856e-002
-9.180000000000881e-001	-3.243961e-002
-9.170000000000881e-001	-3.255007e-002
-9.160000000000881e-001	-3.260584e-002
-9.150000000000881e-001	-3.260691e-002
-9.140000000000881e-001	-3.260797e-002
-9.130000000000881e-001	-3.266375e-002
-9.120000000000881e-001	-3.271953e-002
-9.110000000000881e-001	-3.272060e-002
-9.100000000000881e-001	-3.277639e-002
-9.090000000000881e-001	-3.283219e-002
-9.080000000000881e-001	-3.283326e-002
-9.070000000000881e-001	-3.288907e-002
-9.060000000000881e-001	-3.294488e-002
-9.050000000000881e-001	-3.300069e-002
-9.040000000000881e-001	-3.305651e-002
-9.030000000000881e-001	-3.305760e-002
-9.020000000000881e-001	-3.305869e-002
-9.010000000000881e-001	-3.311452e-002
-9.000000000000881e-001	-3.317036e-002
-8.990000000000881e-001	-3.322620e-002
-8.980000000000881e-001	-3.328204e-002
-8.970000000000881e-001	-3.328315e-002
-8.960000000000881e-001	-3.333900e-002
-8.950000000000881e-001	-3.339486e-002
-8.940000000000881e-001	-3.339598e-002
-8.930000000000881e-001	-3.345184e-002
-8.920000000000881e-001	-3.350771e-002
-8.910000000000881e-001	-3.356359e-002
-8.900000000000881e-001	-3.356472e-002
-8.890000000000881e-001	-3.362060e-002
-8.880000000000881e-001	-3.367649e-002
-8.870000000000881e-001	-3.367762e-002
-8.860000000000881e-001	-3.378828e-002
-8.850000000000881e-001	-3.378943e-002
-8.840000000000881e-001	-3.384533e-002
-8.830000000000881e-001	-3.390125e-002
-8.820000000000881e-001	-3.390240e-002
-8.810000000000881e-001	-3.395832e-002
-8.800000000000881e-001	-3.401425e-002
-8.790000000000880e-001	-3.407018e-002
-8.780000000000880e-001	-3.407134e-002
-8.770000000000880e-001	-3.412728e-002
-8.760000000000880e-001	-3.423801e-002
-8.750000000000880e-001	-3.423918e-002
-8.740000000000880e-001	-3.424035e-002
-8.730000000000880e-001	-3.435110e-002
-8.720000000000880e-001	-3.440707e-002
-8.710000000000880e-001	-3.440826e-002
-8.700000000000880e-001	-3.446423e-002
-8.690000000000880e-001	-3.452022e-002
-8.680000000000880e-001	-3.452141e-002
-8.670000000000880e-001	-3.457740e-002
-8.660000000000880e-001	-3.463339e-002
-8.650000000000880e-001	-3.468939e-002
-8.640000000000880e-001	-3.474540e-002
-8.630000000000880e-001	-3.480142e-002
-8.620000000000880e-001	-3.485744e-002
-8.610000000000880e-001	-3.485865e-002
-8.600000000000880e-001	-3.491468e-002
-8.590000000000880e-001	-3.502552e-002
-8.580000000000880e-001	-3.502675e-002
-8.570000000000880e-001	-3.502798e-002
-8.560000000000880e-001	-3.513885e-002
-8.550000000000880e-001	-3.519490e-002
-8.540000000000880e-001	-3.525096e-002
-8.530000000000880e-001	-3.525221e-002
-8.520000000000880e-001	-3.530828e-002
-8.510000000000880e-001	-3.541918e-002
-8.500000000000880e-001	-3.542044e-002
-8.490000000000880e-001	-3.547652e-002
-8.480000000000880e-001	-3.553262e-002
-8.470000000000880e-001	-3.553388e-002
-8.460000000000880e-001	-3.558998e-002
-8.450000000000880e-001	-3.570093e-002
-8.440000000000880e-001	-3.575705e-002
-8.430000000000880e-001	-3.575833e-002
-8.420000000000880e-001	-3.581445e-002
-8.410000000000880e-001	-3.592543e-002
-8.400000000000880e-001	-3.598158e-002
-8.390000000000880e-001	-3.598287e-002
-8.380000000000880e-001	-3.603902e-002
-8.370000000000880e-001	-3.609518e-002
-8.360000000000880e-001	-3.615134e-002
-8.350000000000880e-001	-3.620751e-002
-8.340000000000880e-001	-3.626368e-002
-8.330000000000880e-001	-3.631986e-002
-8.320000000000880e-001	-3.637605e-002
-8.310000000000880e-001	-3.643224e-002
-8.300000000000880e-001	-3.648844e-002
-8.290000000000880e-001	-3.654464e-002
-8.280000000000880e-001	-3.660085e-002
-8.270000000000880e-001	-3.665707e-002
-8.260000000000880e-001	-3.665841e-002
-8.250000000000880e-001	-3.676952e-002
-8.240000000000880e-001	-3.682575e-002
-8.230000000000880e-001	-3.688199e-002
-8.220000000000880e-001	-3.693824e-002
-8.210000000000880e-001	-3.699449e-002
-8.200000000000880e-001	-3.705076e-002
-8.190000000000880e-001	-3.710702e-002
-8.180000000000880e-001	-3.721819e-002
-8.170000000000880e-001	-3.721957e-002
-8.160000000000880e-001	-3.727586e-002
-8.150000000000880e-001	-3.733215e-002
-8.140000000000880e-001	-3.738844e-002
-8.130000000000880e-001	-3.749965e-002
-8.120000000000880e-001	-3.755597e-002
-8.110000000000880e-001	-3.761229e-002
-8.100000000000880e-001	-3.766861e-002
-8.090000000000880e-001	-3.767003e-002
-8.080000000000880e-001	-3.778128e-002
-8.070000000000880e-001	-3.789255e-002
-8.060000000000880e-001	-3.789398e-002
-8.050000000000880e-001	-3.795034e-002
-8.040000000000880e-001	-3.800670e-002
-8.030000000000880e-001	-3.806307e-002
-8.020000000000880e-001	-3.817438e-002
-8.010000000000880e-001	-3.823077e-002
-8.000000000000880e-001	-3.828716e-002
-7.990000000000880e-001	-3.839850e-002
-7.980000000000880e-001	-3.845491e-002
-7.970000000000880e-001	-3.845639e-002
-7.960000000000880e-001	-3.851281e-002
-7.950000000000880e-001	-3.862418e-002
-7.940000000000880e-001	-3.868061e-002
-7.930000000000880e-001	-3.873706e-002
-7.920000000000880e-001	-3.884845e-002
-7.910000000000880e-001	-3.890492e-002
-7.900000000000880e-001	-3.896138e-002
-7.890000000000880e-001	-3.901786e-002
-7.880000000000880e-001	-3.907434e-002
-7.870000000000880e-001	-3.918578e-002
-7.860000000000880e-001	-3.924228e-002
-7.850000000000880e-001	-3.929879e-002
-7.840000000000880e-001	-3.941026e-002
-7.830000000000880e-001	-3.946679e-002
-7.820000000000880e-001	-3.946834e-002
-7.810000000000880e-001	-3.957985e-002
-7.800000000000880e-001	-3.969137e-002
-7.790000000000880e-001	-3.974792e-002
-7.780000000000880e-001	-3.980448e-002
-7.770000000000880e-001	-3.986104e-002
-7.760000000000880e-001	-3.997260e-002
-7.750000000000880e-001	-4.002919e-002
-7.740000000000880e-001	-4.008578e-002
-7.730000000000880e-001	-4.019736e-002
-7.720000000000880e-001	-4.025397e-002
-7.710000000000880e-001	-4.031059e-002
-7.700000000000880e-001	-4.042221e-002
-7.690000000000880e-001	-4.053384e-002
-7.680000000000880e-001	-4.059049e-002
-7.670000000000879e-001	-4.064714e-002
-7.660000000000879e-001	-4.070380e-002
-7.650000000000879e-001	-4.076046e-002
-7.640000000000879e-001	-4.087214e-002
-7.630000000000879e-001	-4.098384e-002
-7.620000000000879e-001	-4.104054e-002
-7.610000000000879e-001	-4.109724e-002
-7.600000000000879e-001	-4.120897e-002
-7.590000000000879e-001	-4.132071e-002
-7.580000000000879e-001	-4.137744e-002
-7.570000000000879e-001	-4.143418e-002
-7.560000000000879e-001	-4.154595e-002
-7.550000000000879e-001	-4.160271e-002
-7.540000000000879e-001	-4.171451e-002
-7.530000000000879e-001	-4.182632e-002
-7.520000000000879e-001	-4.182807e-002
-7.510000000000879e-001	-4.193990e-002
-7.500000000000879e-001	-4.205175e-002
-7.490000000000879e-001	-4.210856e-002
-7.480000000000879e-001	-4.222043e-002
-7.470000000000879e-001	-4.233231e-002
-7.460000000000879e-001	-4.238915e-002
-7.450000000000879e-001	-4.244600e-002
-7.440000000000879e-001	-4.255792e-002
-7.430000000000879e-001	-4.266985e-002
-7.420000000000879e-001	-4.278179e-002
-7.410000000000879e-001	-4.283869e-002
-7.400000000000879e-001	-4.295065e-002
-7.390000000000879e-001	-4.306264e-002
-7.380000000000879e-001	-4.311956e-002
-7.370000000000879e-001	-4.317649e-002
-7.360000000000879e-001	-4.328851e-002
-7.350000000000879e-001	-4.340054e-002
-7.340000000000879e-001	-4.351258e-002
-7.330000000000879e-001	-4.362464e-002
-7.320000000000879e-001	-4.368163e-002
-7.310000000000879e-001	-4.379371e-002
-7.300000000000879e-001	-4.385072e-002
-7.290000000000879e-001	-4.396283e-002
-7.280000000000879e-001	-4.413005e-002
-7.270000000000879e-001	-4.418709e-002
-7.260000000000879e-001	-4.424415e-002
-7.250000000000879e-001	-4.435631e-002
-7.240000000000879e-001	-4.446848e-002
-7.230000000000879e-001	-4.458068e-002
-7.220000000000879e-001	-4.469288e-002
-7.210000000000879e-001	-4.480510e-002
-7.200000000000879e-001	-4.491734e-002
-7.190000000000879e-001	-4.502959e-002
-7.180000000000879e-001	-4.508674e-002
-7.170000000000879e-001	-4.519902e-002
-7.160000000000879e-001	-4.531131e-002
-7.150000000000879e-001	-4.542361e-002
-7.140000000000879e-001	-4.553594e-002
-7.130000000000879e-001	-4.564827e-002
-7.120000000000879e-001	-4.576063e-002
-7.110000000000879e-001	-4.587300e-002
-7.100000000000879e-001	-4.598538e-002
-7.090000000000879e-001	-4.609778e-002
-7.080000000000879e-001	-4.621020e-002
-7.070000000000879e-001	-4.626748e-002
-7.060000000000879e-001	-4.643507e-002
-7.050000000000879e-001	-4.654753e-002
-7.040000000000879e-001	-4.666000e-002
-7.030000000000879e-001	-4.677250e-002
-7.020000000000879e-001	-4.688500e-002
-7.010000000000879e-001	-4.705269e-002
-7.000000000000879e-001	-4.711007e-002
-6.990000000000879e-001	-4.722263e-002
-6.980000000000879e-001	-4.739037e-002
-6.970000000000879e-001	-4.750296e-002
-6.960000000000879e-001	-4.761557e-002
-6.950000000000879e-001	-4.772819e-002
-6.940000000000879e-001	-4.789601e-002
-6.930000000000879e-001	-4.800868e-002
-6.920000000000879e-001	-4.806617e-002
-6.910000000000879e-001	-4.823404e-002
-6.900000000000879e-001	-4.840195e-002
-6.890000000000879e-001	-4.851468e-002
-6.880000000000879e-001	-4.862743e-002
-6.870000000000879e-001	-4.874019e-002
-6.860000000000879e-001	-4.890817e-002
-6.850000000000879e-001	-4.902098e-002
-6.840000000000879e-001	-4.913379e-002
-6.830000000000879e-001	-4.930184e-002
-6.820000000000879e-001	-4.941470e-002
-6.810000000000879e-001	-4.958279e-002
-6.800000000000879e-001	-4.969569e-002
-6.790000000000879e-001	-4.980860e-002
-6.780000000000879e-001	-4.997675e-002
-6.770000000000879e-001	-5.014493e-002
-6.760000000000879e-001	-5.025791e-002
-6.750000000000879e-001	-5.037089e-002
-6.740000000000879e-001	-5.059437e-002
-6.730000000000879e-001	-5.070741e-002
-6.720000000000879e-001	-5.082046e-002
-6.710000000000879e-001	-5.098878e-002
-6.700000000000879e-001	-5.115712e-002
-6.690000000000879e-001	-5.127024e-002
-6.680000000000879e-001	-5.138337e-002
-6.670000000000879e-001	-5.160703e-002
-6.660000000000879e-001	-5.177547e-002
-6.650000000000879e-001	-5.188867e-002
-6.640000000000879e-001	-5.205715e-002
-6.630000000000879e-001	-5.222566e-002
-6.620000000000879e-001	-5.233893e-002
-6.610000000000879e-001	-5.250749e-002
-6.600000000000879e-001	-5.267607e-002
-6.590000000000879e-001	-5.284468e-002
-6.580000000000879e-001	-5.301332e-002
-6.570000000000879e-001	-5.318198e-002
-6.560000000000879e-001	-5.335067e-002
-6.550000000000879e-001	-5.346410e-002
-6.540000000000878e-001	-5.363283e-002
-6.530000000000878e-001	-5.385689e-002
-6.520000000000878e-001	-5.402569e-002
-6.510000000000878e-001	-5.419452e-002
-6.500000000000878e-001	-5.436337e-002
-6.490000000000878e-001	-5.453225e-002
-6.480000000000878e-001	-5.470116e-002
-6.470000000000878e-001	-5.487009e-002
-6.460000000000878e-001	-5.503906e-002
-6.450000000000878e-001	-5.526336e-002
-6.440000000000878e-001	-5.543239e-002
-6.430000000000878e-001	-5.560144e-002
-6.420000000000878e-001	-5.582585e-002
-6.410000000000878e-001	-5.593963e-002
-6.400000000000878e-001	-5.616410e-002
-6.390000000000878e-001	-5.638861e-002
-6.380000000000878e-001	-5.655782e-002
-6.370000000000878e-001	-5.672705e-002
-6.360000000000878e-001	-5.695166e-002
-6.350000000000878e-001	-5.717631e-002
-6.340000000000878e-001	-5.729029e-002
-6.330000000000878e-001	-5.751500e-002
-6.320000000000878e-001	-5.773976e-002
-6.310000000000878e-001	-5.796454e-002
-6.300000000000878e-001	-5.818938e-002
-6.290000000000878e-001	-5.835887e-002
-6.280000000000878e-001	-5.852840e-002
-6.270000000000878e-001	-5.875333e-002
-6.260000000000878e-001	-5.897831e-002
-6.250000000000878e-001	-5.920332e-002
-6.240000000000878e-001	-5.942838e-002
-6.230000000000878e-001	-5.965346e-002
-6.220000000000878e-001	-5.987860e-002
-6.210000000000878e-001	-6.004838e-002
-6.200000000000878e-001	-6.032898e-002
-6.190000000000878e-001	-6.055424e-002
-6.180000000000878e-001	-6.072412e-002
-6.170000000000878e-001	-6.100486e-002
-6.160000000000878e-001	-6.123024e-002
-6.150000000000878e-001	-6.145566e-002
-6.140000000000878e-001	-6.168112e-002
-6.130000000000878e-001	-6.190662e-002
-6.120000000000878e-001	-6.218759e-002
-6.110000000000878e-001	-6.241318e-002
-6.100000000000878e-001	-6.269424e-002
-6.090000000000878e-001	-6.291993e-002
-6.080000000000878e-001	-6.314565e-002
-6.070000000000878e-001	-6.342686e-002
-6.060000000000878e-001	-6.370813e-002
-6.050000000000878e-001	-6.393400e-002
-6.040000000000878e-001	-6.421536e-002
-6.030000000000878e-001	-6.449678e-002
-6.020000000000878e-001	-6.472279e-002
-6.010000000000878e-001	-6.500431e-002
-6.000000000000878e-001	-6.523041e-002
-5.990000000000878e-001	-6.551204e-002
-5.980000000000878e-001	-6.584919e-002
-5.970000000000878e-001	-6.613093e-002
-5.960000000000878e-001	-6.635724e-002
-5.950000000000878e-001	-6.663909e-002
-5.940000000000878e-001	-6.697648e-002
-5.930000000000878e-001	-6.725844e-002
-5.920000000000878e-001	-6.754046e-002
-5.910000000000878e-001	-6.782254e-002
-5.900000000000878e-001	-6.816018e-002
-5.890000000000878e-001	-6.844239e-002
-5.880000000000878e-001	-6.872464e-002
-5.870000000000878e-001	-6.906248e-002
-5.860000000000878e-001	-6.934485e-002
-5.850000000000878e-001	-6.968282e-002
-5.840000000000878e-001	-7.002086e-002
-5.830000000000878e-001	-7.035896e-002
-5.820000000000878e-001	-7.064160e-002
-5.810000000000878e-001	-7.097984e-002
-5.800000000000878e-001	-7.131816e-002
-5.790000000000878e-001	-7.165654e-002
-5.780000000000878e-001	-7.199500e-002
-5.770000000000878e-001	-7.233353e-002
-5.760000000000878e-001	-7.272769e-002
-5.750000000000878e-001	-7.306638e-002
-5.740000000000878e-001	-7.340514e-002
-5.730000000000878e-001	-7.374397e-002
-5.720000000000878e-001	-7.408288e-002
-5.710000000000878e-001	-7.447744e-002
-5.700000000000878e-001	-7.487209e-002
-5.690000000000878e-001	-7.521124e-002
-5.680000000000878e-001	-7.560606e-002
-5.670000000000878e-001	-7.600097e-002
-5.660000000000878e-001	-7.639597e-002
-5.650000000000878e-001	-7.679106e-002
-5.640000000000878e-001	-7.718624e-002
-5.630000000000878e-001	-7.758151e-002
-5.620000000000878e-001	-7.797687e-002
-5.610000000000878e-001	-7.837233e-002
-5.600000000000878e-001	-7.882350e-002
-5.590000000000878e-001	-7.927479e-002
-5.580000000000878e-001	-7.961490e-002
-5.570000000000878e-001	-8.006638e-002
-5.560000000000878e-001	-8.057361e-002
-5.550000000000878e-001	-8.096967e-002
-5.540000000000878e-001	-8.136581e-002
-5.530000000000878e-001	-8.187338e-002
-5.520000000000878e-001	-8.232541e-002
-5.510000000000878e-001	-8.277754e-002
-5.500000000000878e-001	-8.328546e-002
-5.490000000000878e-001	-8.373783e-002
-5.480000000000878e-001	-8.419032e-002
-5.470000000000878e-001	-8.469860e-002
-5.460000000000878e-001	-8.520702e-002
-5.450000000000878e-001	-8.565986e-002
-5.440000000000878e-001	-8.616852e-002
-5.430000000000878e-001	-8.673302e-002
-5.420000000000877e-001	-8.724196e-002
-5.410000000000877e-001	-8.775103e-002
-5.400000000000877e-001	-8.826023e-002
-5.390000000000877e-001	-8.882529e-002
-5.380000000000877e-001	-8.939051e-002
-5.370000000000877e-001	-8.990013e-002
-5.360000000000877e-001	-9.046564e-002
-5.350000000000877e-001	-9.103129e-002
-5.340000000000877e-001	-9.159711e-002
-5.330000000000877e-001	-9.216307e-002
-5.320000000000877e-001	-9.278495e-002
-5.310000000000877e-001	-9.335125e-002
-5.300000000000877e-001	-9.397346e-002
-5.290000000000877e-001	-9.459587e-002
-5.280000000000877e-001	-9.516265e-002
-5.270000000000877e-001	-9.584117e-002
-5.260000000000877e-001	-9.646410e-002
-5.250000000000877e-001	-9.714300e-002
-5.240000000000877e-001	-9.776631e-002
-5.230000000000877e-001	-9.838978e-002
-5.220000000000877e-001	-9.912508e-002
-5.210000000000877e-001	-9.980477e-002
-5.200000000000877e-001	-1.004847e-001
-5.190000000000877e-001	-1.011648e-001
-5.180000000000877e-001	-1.019009e-001
-5.170000000000877e-001	-1.025814e-001
-5.160000000000877e-001	-1.033180e-001
-5.150000000000877e-001	-1.041107e-001
-5.140000000000877e-001	-1.047918e-001
-5.130000000000877e-001	-1.055850e-001
-5.120000000000877e-001	-1.063784e-001
-5.110000000000877e-001	-1.071161e-001
-5.100000000000877e-001	-1.079659e-001
-5.090000000000877e-001	-1.087600e-001
-5.080000000000877e-001	-1.095544e-001
-5.070000000000877e-001	-1.104050e-001
-5.060000000000877e-001	-1.111999e-001
-5.050000000000877e-001	-1.120511e-001
-5.040000000000877e-001	-1.129584e-001
-5.030000000000877e-001	-1.138660e-001
-5.020000000000877e-001	-1.147180e-001
-5.010000000000877e-001	-1.156263e-001
-5.000000000000877e-001	-1.165908e-001
-4.990000000000877e-001	-1.174996e-001
-4.980000000000877e-001	-1.184088e-001
-4.970000000000877e-001	-1.193743e-001
-4.960000000000877e-001	-1.203961e-001
-4.950000000000877e-001	-1.213623e-001
-4.940000000000877e-001	-1.223289e-001
-4.930000000000877e-001	-1.234078e-001
-4.920000000000877e-001	-1.244311e-001
-4.910000000000877e-001	-1.254547e-001
-4.900000000000877e-001	-1.265348e-001
-4.890000000000877e-001	-1.276153e-001
-4.880000000000877e-001	-1.287522e-001
-4.870000000000877e-001	-1.298895e-001
-4.860000000000877e-001	-1.309713e-001
-4.850000000000877e-001	-1.321095e-001
-4.840000000000877e-001	-1.333603e-001
-4.830000000000877e-001	-1.345555e-001
-4.820000000000877e-001	-1.356952e-001
-4.810000000000877e-001	-1.369474e-001
-4.800000000000877e-001	-1.382563e-001
-4.790000000000877e-001	-1.395096e-001
-4.780000000000877e-001	-1.407634e-001
-4.770000000000877e-001	-1.420739e-001
-4.760000000000877e-001	-1.433849e-001
-4.750000000000877e-001	-1.447526e-001
-4.740000000000877e-001	-1.461771e-001
-4.730000000000877e-001	-1.475460e-001
-4.720000000000877e-001	-1.489717e-001
-4.710000000000877e-001	-1.504542e-001
-4.700000000000877e-001	-1.518811e-001
-4.690000000000877e-001	-1.533649e-001
-4.680000000000877e-001	-1.549056e-001
-4.670000000000877e-001	-1.564470e-001
-4.660000000000877e-001	-1.579891e-001
-4.650000000000877e-001	-1.595881e-001
-4.640000000000877e-001	-1.612442e-001
-4.630000000000877e-001	-1.629010e-001
-4.620000000000877e-001	-1.645586e-001
-4.610000000000877e-001	-1.662171e-001
-4.600000000000877e-001	-1.679889e-001
-4.590000000000877e-001	-1.697616e-001
-4.580000000000877e-001	-1.715352e-001
-4.570000000000877e-001	-1.733659e-001
-4.560000000000877e-001	-1.752540e-001
-4.550000000000877e-001	-1.771430e-001
-4.540000000000877e-001	-1.790330e-001
-4.530000000000877e-001	-1.809804e-001
-4.520000000000877e-001	-1.829288e-001
-4.510000000000877e-001	-1.849346e-001
-4.500000000000877e-001	-1.870543e-001
-4.490000000000877e-001	-1.891188e-001
-4.480000000000877e-001	-1.911844e-001
-4.470000000000877e-001	-1.934204e-001
-4.460000000000877e-001	-1.956013e-001
-4.450000000000877e-001	-1.977835e-001
-4.440000000000877e-001	-2.000798e-001
-4.430000000000877e-001	-2.024339e-001
-4.420000000000877e-001	-2.047330e-001
-4.410000000000877e-001	-2.070900e-001
-4.400000000000877e-001	-2.096178e-001
-4.390000000000877e-001	-2.120343e-001
-4.380000000000877e-001	-2.145087e-001
-4.370000000000877e-001	-2.171543e-001
-4.360000000000877e-001	-2.197451e-001
-4.350000000000877e-001	-2.223376e-001
-4.340000000000877e-001	-2.250449e-001
-4.330000000000877e-001	-2.278106e-001
-4.320000000000877e-001	-2.305782e-001
-4.310000000000877e-001	-2.334042e-001
-4.300000000000877e-001	-2.362889e-001
-4.290000000000876e-001	-2.391755e-001
-4.280000000000876e-001	-2.421775e-001
-4.270000000000876e-001	-2.452383e-001
-4.260000000000876e-001	-2.483013e-001
-4.250000000000876e-001	-2.514799e-001
-4.240000000000876e-001	-2.546610e-001
-4.230000000000876e-001	-2.578444e-001
-4.220000000000876e-001	-2.612004e-001
-4.210000000000876e-001	-2.645591e-001
-4.200000000000876e-001	-2.679203e-001
-4.190000000000876e-001	-2.713978e-001
-4.180000000000876e-001	-2.749349e-001
-4.170000000000876e-001	-2.785317e-001
-4.160000000000876e-001	-2.821883e-001
-4.150000000000876e-001	-2.859047e-001
-4.140000000000876e-001	-2.896244e-001
-4.130000000000876e-001	-2.934609e-001
-4.120000000000876e-001	-2.973577e-001
-4.110000000000876e-001	-3.013149e-001
-4.100000000000876e-001	-3.053325e-001
-4.090000000000876e-001	-3.094106e-001
-4.080000000000876e-001	-3.136065e-001
-4.070000000000876e-001	-3.178062e-001
-4.060000000000876e-001	-3.221239e-001
-4.050000000000876e-001	-3.265027e-001
-4.040000000000876e-001	-3.308858e-001
-4.030000000000876e-001	-3.353872e-001
-4.020000000000876e-001	-3.399503e-001
-4.010000000000876e-001	-3.445750e-001
-4.000000000000876e-001	-3.493186e-001
-3.990000000000876e-001	-3.541244e-001
-3.980000000000876e-001	-3.589923e-001
-3.970000000000876e-001	-3.639225e-001
-3.960000000000876e-001	-3.689153e-001
-3.950000000000876e-001	-3.740280e-001
-3.940000000000876e-001	-3.792035e-001
-3.930000000000876e-001	-3.844422e-001
-3.920000000000876e-001	-3.898014e-001
-3.910000000000876e-001	-3.951668e-001
-3.900000000000876e-001	-4.006531e-001
-3.890000000000876e-001	-4.062606e-001
-3.880000000000876e-001	-4.119322e-001
-3.870000000000876e-001	-4.176682e-001
-3.860000000000876e-001	-4.234687e-001
-3.850000000000876e-001	-4.293340e-001
-3.840000000000876e-001	-4.353216e-001
-3.830000000000876e-001	-4.414320e-001
-3.820000000000876e-001	-4.476078e-001
-3.810000000000876e-001	-4.538494e-001
-3.800000000000876e-001	-4.601570e-001
-3.790000000000876e-001	-4.665884e-001
-3.780000000000876e-001	-4.730863e-001
-3.770000000000876e-001	-4.796509e-001
-3.760000000000876e-001	-4.863403e-001
-3.750000000000876e-001	-4.931547e-001
-3.740000000000876e-001	-5.000368e-001
-3.730000000000876e-001	-5.069868e-001
-3.720000000000876e-001	-5.140051e-001
-3.710000000000876e-001	-5.210919e-001
-3.700000000000876e-001	-5.283054e-001
-3.690000000000876e-001	-5.357037e-001
-3.680000000000876e-001	-5.431139e-001
-3.670000000000876e-001	-5.505359e-001
-3.660000000000876e-001	-5.581440e-001
-3.650000000000876e-001	-5.658807e-001
-3.640000000000876e-001	-5.736303e-001
-3.630000000000876e-001	-5.815092e-001
-3.620000000000876e-001	-5.894599e-001
-3.610000000000876e-001	-5.975406e-001
-3.600000000000876e-001	-6.056939e-001
-3.590000000000876e-001	-6.139199e-001
-3.580000000000876e-001	-6.222774e-001
-3.570000000000876e-001	-6.307085e-001
-3.560000000000876e-001	-6.392137e-001
-3.550000000000876e-001	-6.478517e-001
-3.540000000000876e-001	-6.566230e-001
-3.530000000000876e-001	-6.653529e-001
-3.520000000000876e-001	-6.742753e-001
-3.510000000000876e-001	-6.833326e-001
-3.500000000000876e-001	-6.924082e-001
-3.490000000000876e-001	-7.015608e-001
-3.480000000000876e-001	-7.108497e-001
-3.470000000000876e-001	-7.202168e-001
-3.460000000000876e-001	-7.297211e-001
-3.450000000000876e-001	-7.393048e-001
-3.440000000000876e-001	-7.489093e-001
-3.430000000000876e-001	-7.587115e-001
-3.420000000000876e-001	-7.685946e-001
-3.410000000000876e-001	-7.785000e-001
-3.400000000000876e-001	-7.885460e-001
-3.390000000000876e-001	-7.986745e-001
-3.380000000000876e-001	-8.088858e-001
-3.370000000000876e-001	-8.192397e-001
-3.360000000000876e-001	-8.296777e-001
-3.350000000000876e-001	-8.401412e-001
-3.340000000000876e-001	-8.507489e-001
-3.330000000000876e-001	-8.614427e-001
-3.320000000000876e-001	-8.722227e-001
-3.310000000000876e-001	-8.831493e-001
-3.300000000000876e-001	-8.941041e-001
-3.290000000000876e-001	-9.052068e-001
-3.280000000000876e-001	-9.163390e-001
-3.270000000000876e-001	-9.275606e-001
-3.260000000000876e-001	-9.389620e-001
-3.250000000000876e-001	-9.503948e-001
-3.240000000000876e-001	-9.618892e-001
-3.230000000000876e-001	-9.735358e-001
-3.220000000000876e-001	-9.852755e-001
-3.210000000000876e-001	-9.970789e-001
-3.200000000000876e-001	-1.008977e+000
-3.190000000000876e-001	-1.020940e+000
-3.180000000000876e-001	-1.033029e+000
-3.170000000000876e-001	-1.045244e+000
-3.160000000000875e-001	-1.057497e+000
-3.150000000000875e-001	-1.069848e+000
-3.140000000000875e-001	-1.082329e+000
-3.130000000000875e-001	-1.094848e+000
-3.120000000000875e-001	-1.107468e+000
-3.110000000000875e-001	-1.120220e+000
-3.100000000000875e-001	-1.133043e+000
-3.090000000000875e-001	-1.145970e+000
-3.080000000000875e-001	-1.158970e+000
-3.070000000000875e-001	-1.172044e+000
-3.060000000000875e-001	-1.185224e+000
-3.050000000000875e-001	-1.198509e+000
-3.040000000000875e-001	-1.211903e+000
-3.030000000000875e-001	-1.225374e+000
-3.020000000000875e-001	-1.238892e+000
-3.010000000000875e-001	-1.252551e+000
-3.000000000000875e-001	-1.266321e+000
-2.990000000000875e-001	-1.280111e+000
-2.980000000000875e-001	-1.294044e+000
-2.970000000000875e-001	-1.308091e+000
-2.960000000000875e-001	-1.322190e+000
-2.950000000000875e-001	-1.336405e+000
-2.940000000000875e-001	-1.350706e+000
-2.930000000000875e-001	-1.365094e+000
-2.920000000000875e-001	-1.379569e+000
-2.910000000000875e-001	-1.394164e+000
-2.900000000000875e-001	-1.408848e+000
-2.890000000000875e-001	-1.423623e+000
-2.880000000000875e-001	-1.438490e+000
-2.870000000000875e-001	-1.453449e+000
-2.860000000000875e-001	-1.468533e+000
-2.850000000000875e-001	-1.483680e+000
-2.840000000000875e-001	-1.498955e+000
-2.830000000000875e-001	-1.514295e+000
-2.820000000000875e-001	-1.529733e+000
-2.810000000000875e-001	-1.545301e+000
-2.800000000000875e-001	-1.560970e+000
-2.790000000000875e-001	-1.576709e+000
-2.780000000000875e-001	-1.592549e+000
-2.770000000000875e-001	-1.608526e+000
-2.760000000000875e-001	-1.624575e+000
-2.750000000000875e-001	-1.640730e+000
-2.740000000000875e-001	-1.656961e+000
-2.730000000000875e-001	-1.673332e+000
-2.720000000000875e-001	-1.689844e+000
-2.710000000000875e-001	-1.706404e+000
-2.700000000000875e-001	-1.723076e+000
-2.690000000000875e-001	-1.739861e+000
-2.680000000000875e-001	-1.756761e+000
-2.670000000000875e-001	-1.773777e+000
-2.660000000000875e-001	-1.790879e+000
-2.650000000000875e-001	-1.808099e+000
-2.640000000000875e-001	-1.825407e+000
-2.630000000000875e-001	-1.842869e+000
-2.620000000000875e-001	-1.860454e+000
-2.610000000000875e-001	-1.878099e+000
-2.600000000000875e-001	-1.895869e+000
-2.590000000000875e-001	-1.913799e+000
-2.580000000000875e-001	-1.931826e+000
-2.570000000000875e-001	-1.949950e+000
-2.560000000000875e-001	-1.968206e+000
-2.550000000000875e-001	-1.986595e+000
-2.540000000000875e-001	-2.005087e+000
-2.530000000000875e-001	-2.023682e+000
-2.520000000000875e-001	-2.042448e+000
-2.510000000000875e-001	-2.061321e+000
-2.500000000000875e-001	-2.080303e+000
-2.490000000000875e-001	-2.099461e+000
-2.480000000000875e-001	-2.118697e+000
-2.470000000000875e-001	-2.138081e+000
-2.460000000000875e-001	-2.157612e+000
-2.450000000000875e-001	-2.177227e+000
-2.440000000000875e-001	-2.196994e+000
-2.430000000000875e-001	-2.216949e+000
-2.420000000000875e-001	-2.237025e+000
-2.410000000000875e-001	-2.257192e+000
-2.400000000000875e-001	-2.277519e+000
-2.390000000000875e-001	-2.298007e+000
-2.380000000000875e-001	-2.318624e+000
-2.370000000000875e-001	-2.339408e+000
-2.360000000000875e-001	-2.360325e+000
-2.350000000000875e-001	-2.381377e+000
-2.340000000000875e-001	-2.402602e+000
-2.330000000000875e-001	-2.423966e+000
-2.320000000000875e-001	-2.445506e+000
-2.310000000000875e-001	-2.467190e+000
-2.300000000000875e-001	-2.489021e+000
-2.290000000000875e-001	-2.510999e+000
-2.280000000000875e-001	-2.533198e+000
-2.270000000000875e-001	-2.555515e+000
-2.260000000000875e-001	-2.577987e+000
-2.250000000000875e-001	-2.600687e+000
-2.240000000000875e-001	-2.623512e+000
-2.230000000000875e-001	-2.646534e+000
-2.220000000000875e-001	-2.669722e+000
-2.210000000000875e-001	-2.693076e+000
-2.200000000000875e-001	-2.716637e+000
-2.190000000000875e-001	-2.740334e+000
-2.180000000000875e-001	-2.764242e+000
-2.170000000000875e-001	-2.788364e+000
-2.160000000000875e-001	-2.812667e+000
-2.150000000000875e-001	-2.837154e+000
-2.140000000000875e-001	-2.861827e+000
-2.130000000000875e-001	-2.886726e+000
-2.120000000000875e-001	-2.911780e+000
-2.110000000000875e-001	-2.937067e+000
-2.100000000000875e-001	-2.962588e+000
-2.090000000000875e-001	-2.988275e+000
-2.080000000000875e-001	-3.014202e+000
-2.070000000000875e-001	-3.040338e+000
-2.060000000000875e-001	-3.066686e+000
-2.050000000000875e-001	-3.093285e+000
-2.040000000000874e-001	-3.120102e+000
-2.030000000000874e-001	-3.147142e+000
-2.020000000000874e-001	-3.174368e+000
-2.010000000000874e-001	-3.201861e+000
-2.000000000000874e-001	-3.229662e+000
-1.990000000000874e-001	-3.257624e+000
-1.980000000000874e-001	-3.285864e+000
-1.970000000000874e-001	-3.314387e+000
-1.960000000000874e-001	-3.343081e+000
-1.950000000000874e-001	-3.372065e+000
-1.940000000000874e-001	-3.401383e+000
-1.930000000000874e-001	-3.430923e+000
-1.920000000000874e-001	-3.460689e+000
-1.910000000000874e-001	-3.490803e+000
-1.900000000000874e-001	-3.521191e+000
-1.890000000000874e-001	-3.551818e+000
-1.880000000000874e-001	-3.582728e+000
-1.870000000000874e-001	-3.613966e+000
-1.860000000000874e-001	-3.645537e+000
-1.850000000000874e-001	-3.677366e+000
-1.840000000000874e-001	-3.709498e+000
-1.830000000000874e-001	-3.741979e+000
-1.820000000000874e-001	-3.774734e+000
-1.810000000000874e-001	-3.807848e+000
-1.800000000000874e-001	-3.841287e+000
-1.790000000000874e-001	-3.875056e+000
-1.780000000000874e-001	-3.909203e+000
-1.770000000000874e-001	-3.943652e+000
-1.760000000000874e-001	-3.978449e+000
-1.750000000000874e-001	-4.013641e+000
-1.740000000000874e-001	-4.049196e+000
-1.730000000000874e-001	-4.085118e+000
-1.720000000000874e-001	-4.121414e+000
-1.710000000000874e-001	-4.158091e+000
-1.700000000000874e-001	-4.195199e+000
-1.690000000000874e-001	-4.232660e+000
-1.680000000000874e-001	-4.270523e+000
-1.670000000000874e-001	-4.308840e+000
-1.660000000000874e-001	-4.347531e+000
-1.650000000000874e-001	-4.386690e+000
-1.640000000000874e-001	-4.426328e+000
-1.630000000000874e-001	-4.466363e+000
-1.620000000000874e-001	-4.506850e+000
-1.610000000000874e-001	-4.547795e+000
-1.600000000000874e-001	-4.589208e+000
-1.590000000000874e-001	-4.631142e+000
-1.580000000000874e-001	-4.673563e+000
-1.570000000000874e-001	-4.716480e+000
-1.560000000000874e-001	-4.759858e+000
-1.550000000000874e-001	-4.803797e+000
-1.540000000000874e-001	-4.848307e+000
-1.530000000000874e-001	-4.893263e+000
-1.520000000000874e-001	-4.938812e+000
-1.510000000000874e-001	-4.984966e+000
-1.500000000000874e-001	-5.031644e+000
-1.490000000000874e-001	-5.078903e+000
-1.480000000000874e-001	-5.126803e+000
-1.470000000000874e-001	-5.175310e+000
-1.460000000000874e-001	-5.224388e+000
-1.450000000000874e-001	-5.274146e+000
-1.440000000000874e-001	-5.324598e+000
-1.430000000000874e-001	-5.375613e+000
-1.420000000000874e-001	-5.427349e+000
-1.410000000000874e-001	-5.479774e+000
-1.400000000000874e-001	-5.532902e+000
-1.390000000000874e-001	-5.586798e+000
-1.380000000000874e-001	-5.641379e+000
-1.370000000000874e-001	-5.696710e+000
-1.360000000000874e-001	-5.752859e+000
-1.350000000000874e-001	-5.809743e+000
-1.340000000000874e-001	-5.867480e+000
-1.330000000000874e-001	-5.926039e+000
-1.320000000000874e-001	-5.985387e+000
-1.310000000000874e-001	-6.045645e+000
-1.300000000000874e-001	-6.106783e+000
-1.290000000000874e-001	-6.168875e+000
-1.280000000000874e-001	-6.231784e+000
-1.270000000000874e-001	-6.295688e+000
-1.260000000000874e-001	-6.360613e+000
-1.250000000000874e-001	-6.426421e+000
-1.240000000000874e-001	-6.493350e+000
-1.230000000000874e-001	-6.561320e+000
-1.220000000000874e-001	-6.630246e+000
-1.210000000000874e-001	-6.700372e+000
-1.200000000000874e-001	-6.771619e+000
-1.190000000000874e-001	-6.843958e+000
-1.180000000000874e-001	-6.917530e+000
-1.170000000000874e-001	-6.992254e+000
-1.160000000000874e-001	-7.068273e+000
-1.150000000000874e-001	-7.145566e+000
-1.140000000000874e-001	-7.224163e+000
-1.130000000000874e-001	-7.304102e+000
-1.120000000000874e-001	-7.385418e+000
-1.110000000000874e-001	-7.468149e+000
-1.100000000000874e-001	-7.552302e+000
-1.090000000000874e-001	-7.637979e+000
-1.080000000000874e-001	-7.725220e+000
-1.070000000000874e-001	-7.814042e+000
-1.060000000000874e-001	-7.904456e+000
-1.050000000000874e-001	-7.996541e+000
-1.040000000000874e-001	-8.090374e+000
-1.030000000000874e-001	-8.186009e+000
-1.020000000000874e-001	-8.283403e+000
-1.010000000000874e-001	-8.382672e+000
-1.000000000000874e-001	-8.483937e+000
-9.900000000008735e-002	-8.587194e+000
-9.800000000008735e-002	-8.692438e+000
-9.700000000008735e-002	-8.799831e+000
-9.600000000008735e-002	-8.909440e+000
-9.500000000008735e-002	-9.021302e+000
-9.400000000008735e-002	-9.135488e+000
-9.300000000008735e-002	-9.252039e+000
-9.200000000008735e-002	-9.371067e+000
-9.100000000008734e-002	-9.492691e+000
-9.000000000008734e-002	-9.616995e+000
-8.900000000008734e-002	-9.744000e+000
-8.800000000008734e-002	-9.873797e+000
-8.700000000008734e-002	-1.000659e+001
-8.600000000008734e-002	-1.014238e+001
-8.500000000008734e-002	-1.028131e+001
-8.400000000008734e-002	-1.042352e+001
-8.300000000008734e-002	-1.056906e+001
-8.200000000008734e-002	-1.071808e+001
-8.100000000008734e-002	-1.087077e+001
-8.000000000008734e-002	-1.102721e+001
-7.900000000008733e-002	-1.118755e+001
-7.800000000008733e-002	-1.135194e+001
-7.700000000008733e-002	-1.152050e+001
-7.600000000008733e-002	-1.169347e+001
-7.500000000008733e-002	-1.187102e+001
-7.400000000008733e-002	-1.205328e+001
-7.300000000008733e-002	-1.224041e+001
-7.200000000008733e-002	-1.243277e+001
-7.100000000008733e-002	-1.263047e+001
-7.000000000008733e-002	-1.283367e+001
-6.900000000008733e-002	-1.304278e+001
-6.800000000008732e-002	-1.325798e+001
-6.700000000008732e-002	-1.347948e+001
-6.600000000008732e-002	-1.370762e+001
-6.500000000008732e-002	-1.394276e+001
-6.400000000008732e-002	-1.418523e+001
-6.300000000008732e-002	-1.443522e+001
-6.200000000008732e-002	-1.469325e+001
-6.100000000008732e-002	-1.495967e+001
-6.000000000008732e-002	-1.523489e+001
-5.900000000008732e-002	-1.551937e+001
-5.800000000008732e-002	-1.581357e+001
-5.700000000008731e-002	-1.611803e+001
-5.600000000008731e-002	-1.643328e+001
-5.500000000008731e-002	-1.675996e+001
-5.400000000008731e-002	-1.709861e+001
-5.300000000008731e-002	-1.745001e+001
-5.200000000008731e-002	-1.781479e+001
-5.100000000008731e-002	-1.819378e+001
-5.000000000008731e-002	-1.858794e+001
-4.900000000008731e-002	-1.899804e+001
-4.800000000008731e-002	-1.942510e+001
-4.700000000008731e-002	-1.987031e+001
-4.600000000008730e-002	-2.033479e+001
-4.500000000008730e-002	-2.081978e+001
-4.400000000008730e-002	-2.132678e+001
-4.300000000008730e-002	-2.185724e+001
-4.200000000008730e-002	-2.241282e+001
-4.100000000008730e-002	-2.299544e+001
-4.000000000008730e-002	-2.360708e+001
-3.900000000008730e-002	-2.425002e+001
-3.800000000008730e-002	-2.492670e+001
-3.700000000008730e-002	-2.563980e+001
-3.600000000008730e-002	-2.639240e+001
-3.500000000008730e-002	-2.718793e+001
-3.400000000008729e-002	-2.803014e+001
-3.300000000008729e-002	-2.892327e+001
-3.200000000008729e-002	-2.987210e+001
-3.100000000008729e-002	-3.088201e+001
-3.000000000008729e-002	-3.195912e+001
-2.900000000008729e-002	-3.311037e+001
-2.800000000008729e-002	-3.434377e+001
-2.700000000008729e-002	-3.566838e+001
-2.600000000008729e-002	-3.709468e+001
-2.500000000008729e-002	-3.863493e+001
-2.400000000008729e-002	-4.030343e+001
-2.300000000008728e-002	-4.211685e+001
-2.200000000008728e-002	-4.409495e+001
-2.100000000008728e-002	-4.626125e+001
-2.000000000008728e-002	-4.864400e+001
-1.900000000008728e-002	-5.127739e+001
-1.800000000008728e-002	-5.420318e+001
-1.700000000008728e-002	-5.747291e+001
-1.600000000008728e-002	-6.115117e+001
-1.500000000008728e-002	-6.531961e+001
-1.400000000008728e-002	-7.008328e+001
-1.300000000008728e-002	-7.557953e+001
-1.200000000008727e-002	-8.199156e+001
-1.100000000008727e-002	-8.956913e+001
-1.000000000008727e-002	-9.866174e+001
-9.000000000087272e-003	-1.097746e+002
-8.000000000087271e-003	-1.236653e+002
-7.000000000087271e-003	-1.415242e+002
-6.000000000087271e-003	-1.653354e+002
-5.000000000087271e-003	-1.986704e+002
-4.000000000087271e-003	-2.486722e+002
-3.000000000087271e-003	-3.320072e+002
-2.000000000087271e-003	-4.986756e+002
-1.000000000087271e-003	-9.986773e+002
0.000000000000000e+000	-1.000000e+308
